; FBX 7.5.0 project file
; ----------------------------------------------------

FBXHeaderExtension:  {
	FBXHeaderVersion: 1003
	FBXVersion: 7500
	CreationTimeStamp:  {
		Version: 1000
		Year: 2020
		Month: 8
		Day: 23
		Hour: 10
		Minute: 33
		Second: 53
		Millisecond: 737
	}
	Creator: "FBX SDK/FBX Plugins version 2019.0"
	SceneInfo: "SceneInfo::GlobalInfo", "UserData" {
		Type: "UserData"
		Version: 100
		MetaData:  {
			Version: 100
			Title: ""
			Subject: ""
			Author: ""
			Keywords: ""
			Revision: ""
			Comment: ""
		}
		Properties70:  {
			P: "DocumentUrl", "KString", "Url", "", "C:\Users\Suzamaki\Documents\Unity Projects\Endless Tower Defense\Assets\PolygonMiniFantasyCharacters\Animations\Run.fbx"
			P: "SrcDocumentUrl", "KString", "Url", "", "C:\Users\Suzamaki\Documents\Unity Projects\Endless Tower Defense\Assets\PolygonMiniFantasyCharacters\Animations\Run.fbx"
			P: "Original", "Compound", "", ""
			P: "Original|ApplicationVendor", "KString", "", "", ""
			P: "Original|ApplicationName", "KString", "", "", ""
			P: "Original|ApplicationVersion", "KString", "", "", ""
			P: "Original|DateTime_GMT", "DateTime", "", "", ""
			P: "Original|FileName", "KString", "", "", ""
			P: "LastSaved", "Compound", "", ""
			P: "LastSaved|ApplicationVendor", "KString", "", "", ""
			P: "LastSaved|ApplicationName", "KString", "", "", ""
			P: "LastSaved|ApplicationVersion", "KString", "", "", ""
			P: "LastSaved|DateTime_GMT", "DateTime", "", "", ""
		}
	}
}
GlobalSettings:  {
	Version: 1000
	Properties70:  {
		P: "UpAxis", "int", "Integer", "",1
		P: "UpAxisSign", "int", "Integer", "",1
		P: "FrontAxis", "int", "Integer", "",2
		P: "FrontAxisSign", "int", "Integer", "",1
		P: "CoordAxis", "int", "Integer", "",0
		P: "CoordAxisSign", "int", "Integer", "",1
		P: "OriginalUpAxis", "int", "Integer", "",-1
		P: "OriginalUpAxisSign", "int", "Integer", "",1
		P: "UnitScaleFactor", "double", "Number", "",1
		P: "OriginalUnitScaleFactor", "double", "Number", "",1
		P: "AmbientColor", "ColorRGB", "Color", "",0,0,0
		P: "DefaultCamera", "KString", "", "", "Producer Perspective"
		P: "TimeMode", "enum", "", "",0
		P: "TimeProtocol", "enum", "", "",2
		P: "SnapOnFrameMode", "enum", "", "",0
		P: "TimeSpanStart", "KTime", "Time", "",0
		P: "TimeSpanStop", "KTime", "Time", "",46186158000
		P: "CustomFrameRate", "double", "Number", "",-1
		P: "TimeMarker", "Compound", "", ""
		P: "CurrentTimeMarker", "int", "Integer", "",-1
	}
}

; Documents Description
;------------------------------------------------------------------

Documents:  {
	Count: 1
	Document: 2583272803968, "myScene", "Scene" {
		Properties70:  {
			P: "SourceObject", "object", "", ""
			P: "ActiveAnimStackName", "KString", "", "", ""
		}
		RootNode: 0
	}
}

; Document References
;------------------------------------------------------------------

References:  {
}

; Object definitions
;------------------------------------------------------------------

Definitions:  {
	Version: 100
	Count: 522
	ObjectType: "GlobalSettings" {
		Count: 1
	}
	ObjectType: "NodeAttribute" {
		Count: 37
		PropertyTemplate: "FbxSkeleton" {
			Properties70:  {
				P: "Color", "ColorRGB", "Color", "",0.8,0.8,0.8
				P: "Size", "double", "Number", "",100
				P: "LimbLength", "double", "Number", "H",1
			}
		}
	}
	ObjectType: "Model" {
		Count: 37
		PropertyTemplate: "FbxNode" {
			Properties70:  {
				P: "QuaternionInterpolate", "enum", "", "",0
				P: "RotationOffset", "Vector3D", "Vector", "",0,0,0
				P: "RotationPivot", "Vector3D", "Vector", "",0,0,0
				P: "ScalingOffset", "Vector3D", "Vector", "",0,0,0
				P: "ScalingPivot", "Vector3D", "Vector", "",0,0,0
				P: "TranslationActive", "bool", "", "",0
				P: "TranslationMin", "Vector3D", "Vector", "",0,0,0
				P: "TranslationMax", "Vector3D", "Vector", "",0,0,0
				P: "TranslationMinX", "bool", "", "",0
				P: "TranslationMinY", "bool", "", "",0
				P: "TranslationMinZ", "bool", "", "",0
				P: "TranslationMaxX", "bool", "", "",0
				P: "TranslationMaxY", "bool", "", "",0
				P: "TranslationMaxZ", "bool", "", "",0
				P: "RotationOrder", "enum", "", "",0
				P: "RotationSpaceForLimitOnly", "bool", "", "",0
				P: "RotationStiffnessX", "double", "Number", "",0
				P: "RotationStiffnessY", "double", "Number", "",0
				P: "RotationStiffnessZ", "double", "Number", "",0
				P: "AxisLen", "double", "Number", "",10
				P: "PreRotation", "Vector3D", "Vector", "",0,0,0
				P: "PostRotation", "Vector3D", "Vector", "",0,0,0
				P: "RotationActive", "bool", "", "",0
				P: "RotationMin", "Vector3D", "Vector", "",0,0,0
				P: "RotationMax", "Vector3D", "Vector", "",0,0,0
				P: "RotationMinX", "bool", "", "",0
				P: "RotationMinY", "bool", "", "",0
				P: "RotationMinZ", "bool", "", "",0
				P: "RotationMaxX", "bool", "", "",0
				P: "RotationMaxY", "bool", "", "",0
				P: "RotationMaxZ", "bool", "", "",0
				P: "InheritType", "enum", "", "",0
				P: "ScalingActive", "bool", "", "",0
				P: "ScalingMin", "Vector3D", "Vector", "",0,0,0
				P: "ScalingMax", "Vector3D", "Vector", "",1,1,1
				P: "ScalingMinX", "bool", "", "",0
				P: "ScalingMinY", "bool", "", "",0
				P: "ScalingMinZ", "bool", "", "",0
				P: "ScalingMaxX", "bool", "", "",0
				P: "ScalingMaxY", "bool", "", "",0
				P: "ScalingMaxZ", "bool", "", "",0
				P: "GeometricTranslation", "Vector3D", "Vector", "",0,0,0
				P: "GeometricRotation", "Vector3D", "Vector", "",0,0,0
				P: "GeometricScaling", "Vector3D", "Vector", "",1,1,1
				P: "MinDampRangeX", "double", "Number", "",0
				P: "MinDampRangeY", "double", "Number", "",0
				P: "MinDampRangeZ", "double", "Number", "",0
				P: "MaxDampRangeX", "double", "Number", "",0
				P: "MaxDampRangeY", "double", "Number", "",0
				P: "MaxDampRangeZ", "double", "Number", "",0
				P: "MinDampStrengthX", "double", "Number", "",0
				P: "MinDampStrengthY", "double", "Number", "",0
				P: "MinDampStrengthZ", "double", "Number", "",0
				P: "MaxDampStrengthX", "double", "Number", "",0
				P: "MaxDampStrengthY", "double", "Number", "",0
				P: "MaxDampStrengthZ", "double", "Number", "",0
				P: "PreferedAngleX", "double", "Number", "",0
				P: "PreferedAngleY", "double", "Number", "",0
				P: "PreferedAngleZ", "double", "Number", "",0
				P: "LookAtProperty", "object", "", ""
				P: "UpVectorProperty", "object", "", ""
				P: "Show", "bool", "", "",1
				P: "NegativePercentShapeSupport", "bool", "", "",1
				P: "DefaultAttributeIndex", "int", "Integer", "",-1
				P: "Freeze", "bool", "", "",0
				P: "LODBox", "bool", "", "",0
				P: "Lcl Translation", "Lcl Translation", "", "A",0,0,0
				P: "Lcl Rotation", "Lcl Rotation", "", "A",0,0,0
				P: "Lcl Scaling", "Lcl Scaling", "", "A",1,1,1
				P: "Visibility", "Visibility", "", "A",1
				P: "Visibility Inheritance", "Visibility Inheritance", "", "",1
			}
		}
	}
	ObjectType: "Pose" {
		Count: 1
	}
	ObjectType: "AnimationStack" {
		Count: 1
		PropertyTemplate: "FbxAnimStack" {
			Properties70:  {
				P: "Description", "KString", "", "", ""
				P: "LocalStart", "KTime", "Time", "",0
				P: "LocalStop", "KTime", "Time", "",0
				P: "ReferenceStart", "KTime", "Time", "",0
				P: "ReferenceStop", "KTime", "Time", "",0
			}
		}
	}
	ObjectType: "AnimationLayer" {
		Count: 1
		PropertyTemplate: "FbxAnimLayer" {
			Properties70:  {
				P: "Weight", "Number", "", "A",100
				P: "Mute", "bool", "", "",0
				P: "Solo", "bool", "", "",0
				P: "Lock", "bool", "", "",0
				P: "Color", "ColorRGB", "Color", "",0.8,0.8,0.8
				P: "BlendMode", "enum", "", "",0
				P: "RotationAccumulationMode", "enum", "", "",0
				P: "ScaleAccumulationMode", "enum", "", "",0
				P: "BlendModeBypass", "ULongLong", "", "",0
			}
		}
	}
	ObjectType: "AnimationCurveNode" {
		Count: 111
		PropertyTemplate: "FbxAnimCurveNode" {
			Properties70:  {
				P: "d", "Compound", "", ""
			}
		}
	}
	ObjectType: "AnimationCurve" {
		Count: 333
	}
}

; Object properties
;------------------------------------------------------------------

Objects:  {
	NodeAttribute: 2583272943328, "NodeAttribute::toes_r", "LimbNode" {
		TypeFlags: "Skeleton"
	}
	NodeAttribute: 2583275417424, "NodeAttribute::ball_r", "LimbNode" {
		TypeFlags: "Skeleton"
	}
	NodeAttribute: 2583275417616, "NodeAttribute::foot_r", "LimbNode" {
		TypeFlags: "Skeleton"
	}
	NodeAttribute: 2583275417808, "NodeAttribute::calf_r", "LimbNode" {
		TypeFlags: "Skeleton"
	}
	NodeAttribute: 2583275418000, "NodeAttribute::thigh_r", "LimbNode" {
		TypeFlags: "Skeleton"
	}
	NodeAttribute: 2583275418192, "NodeAttribute::toes_l", "LimbNode" {
		TypeFlags: "Skeleton"
	}
	NodeAttribute: 2583275418928, "NodeAttribute::ball_l", "LimbNode" {
		TypeFlags: "Skeleton"
	}
	NodeAttribute: 2583275419120, "NodeAttribute::foot_l", "LimbNode" {
		TypeFlags: "Skeleton"
	}
	NodeAttribute: 2583275419312, "NodeAttribute::calf_l", "LimbNode" {
		TypeFlags: "Skeleton"
	}
	NodeAttribute: 2583275419504, "NodeAttribute::thigh_l", "LimbNode" {
		TypeFlags: "Skeleton"
	}
	NodeAttribute: 2583275423376, "NodeAttribute::eyebrows", "LimbNode" {
		TypeFlags: "Skeleton"
	}
	NodeAttribute: 2583275422416, "NodeAttribute::eyes", "LimbNode" {
		TypeFlags: "Skeleton"
	}
	NodeAttribute: 2583275422608, "NodeAttribute::head", "LimbNode" {
		TypeFlags: "Skeleton"
	}
	NodeAttribute: 2583275421648, "NodeAttribute::neck_01", "LimbNode" {
		TypeFlags: "Skeleton"
	}
	NodeAttribute: 2583275421840, "NodeAttribute::middle_02_r", "LimbNode" {
		TypeFlags: "Skeleton"
	}
	NodeAttribute: 2583275423184, "NodeAttribute::middle_01_r", "LimbNode" {
		TypeFlags: "Skeleton"
	}
	NodeAttribute: 2583275421264, "NodeAttribute::thumb_03_r", "LimbNode" {
		TypeFlags: "Skeleton"
	}
	NodeAttribute: 2583275422224, "NodeAttribute::thumb_02_r", "LimbNode" {
		TypeFlags: "Skeleton"
	}
	NodeAttribute: 2583275421456, "NodeAttribute::thumb_01_r", "LimbNode" {
		TypeFlags: "Skeleton"
	}
	NodeAttribute: 2583275422800, "NodeAttribute::hand_r", "LimbNode" {
		TypeFlags: "Skeleton"
	}
	NodeAttribute: 2583275422032, "NodeAttribute::lowerarm_r", "LimbNode" {
		TypeFlags: "Skeleton"
	}
	NodeAttribute: 2583275423568, "NodeAttribute::upperarm_r", "LimbNode" {
		TypeFlags: "Skeleton"
	}
	NodeAttribute: 2583275423760, "NodeAttribute::clavicle_r", "LimbNode" {
		TypeFlags: "Skeleton"
	}
	NodeAttribute: 2583275420688, "NodeAttribute::middle_02_l", "LimbNode" {
		TypeFlags: "Skeleton"
	}
	NodeAttribute: 2583275423952, "NodeAttribute::middle_01_l", "LimbNode" {
		TypeFlags: "Skeleton"
	}
	NodeAttribute: 2583275422992, "NodeAttribute::thumb_03_l", "LimbNode" {
		TypeFlags: "Skeleton"
	}
	NodeAttribute: 2583275420304, "NodeAttribute::thumb_02_l", "LimbNode" {
		TypeFlags: "Skeleton"
	}
	NodeAttribute: 2583275420496, "NodeAttribute::thumb_01_l", "LimbNode" {
		TypeFlags: "Skeleton"
	}
	NodeAttribute: 2583275420880, "NodeAttribute::hand_l", "LimbNode" {
		TypeFlags: "Skeleton"
	}
	NodeAttribute: 2583275421072, "NodeAttribute::lowerarm_l", "LimbNode" {
		TypeFlags: "Skeleton"
	}
	NodeAttribute: 2583275436672, "NodeAttribute::upperarm_l", "LimbNode" {
		TypeFlags: "Skeleton"
	}
	NodeAttribute: 2583275434752, "NodeAttribute::clavicle_l", "LimbNode" {
		TypeFlags: "Skeleton"
	}
	NodeAttribute: 2583275432640, "NodeAttribute::spine_03", "LimbNode" {
		TypeFlags: "Skeleton"
	}
	NodeAttribute: 2583275436864, "NodeAttribute::spine_02", "LimbNode" {
		TypeFlags: "Skeleton"
	}
	NodeAttribute: 2583275438592, "NodeAttribute::spine_01", "LimbNode" {
		TypeFlags: "Skeleton"
	}
	NodeAttribute: 2583275438400, "NodeAttribute::pelvis", "LimbNode" {
		TypeFlags: "Skeleton"
	}
	NodeAttribute: 2583275433024, "NodeAttribute::root", "LimbNode" {
		TypeFlags: "Skeleton"
	}
	Model: 2583275375808, "Model::toes_r", "LimbNode" {
		Version: 232
		Properties70:  {
			P: "RotationActive", "bool", "", "",1
			P: "InheritType", "enum", "", "",1
			P: "ScalingMax", "Vector3D", "Vector", "",0,0,0
			P: "DefaultAttributeIndex", "int", "Integer", "",0
			P: "Lcl Translation", "Lcl Translation", "", "A+",-5.88894987106323,7.105427357601e-15,0
			P: "Lcl Rotation", "Lcl Rotation", "", "A+",1.94013831692971e-13,89.9999923706055,0
		}
		Shading: Y
		Culling: "CullingOff"
	}
	Model: 2583275552704, "Model::ball_r", "LimbNode" {
		Version: 232
		Properties70:  {
			P: "RotationActive", "bool", "", "",1
			P: "InheritType", "enum", "", "",1
			P: "ScalingMax", "Vector3D", "Vector", "",0,0,0
			P: "DefaultAttributeIndex", "int", "Integer", "",0
			P: "Lcl Translation", "Lcl Translation", "", "A+",-9.23282623291016,3.7823486328125,9.5367431640625e-07
			P: "Lcl Rotation", "Lcl Rotation", "", "A+",2.56998373515671e-05,-5.44099311809987e-05,21.5135307312012
		}
		Shading: Y
		Culling: "CullingOff"
	}
	Model: 2583275554704, "Model::foot_r", "LimbNode" {
		Version: 232
		Properties70:  {
			P: "RotationActive", "bool", "", "",1
			P: "InheritType", "enum", "", "",1
			P: "ScalingMax", "Vector3D", "Vector", "",0,0,0
			P: "DefaultAttributeIndex", "int", "Integer", "",0
			P: "Lcl Translation", "Lcl Translation", "", "A+",-21.5827732086182,0.235740661621094,6.77108764648438e-05
			P: "Lcl Rotation", "Lcl Rotation", "", "A+",174.972351074219,-11.8673095703125,-76.7682495117188
		}
		Shading: Y
		Culling: "CullingOff"
	}
	Model: 2583275556704, "Model::calf_r", "LimbNode" {
		Version: 232
		Properties70:  {
			P: "RotationActive", "bool", "", "",1
			P: "InheritType", "enum", "", "",1
			P: "ScalingMax", "Vector3D", "Vector", "",0,0,0
			P: "DefaultAttributeIndex", "int", "Integer", "",0
			P: "Lcl Translation", "Lcl Translation", "", "A+",-18.5321044921875,-4.29153442382813e-05,-1.9073486328125e-06
			P: "Lcl Rotation", "Lcl Rotation", "", "A+",-75.7286071777344,45.4372024536133,1.57813835144043
		}
		Shading: Y
		Culling: "CullingOff"
	}
	Model: 2583275558704, "Model::thigh_r", "LimbNode" {
		Version: 232
		Properties70:  {
			P: "RotationActive", "bool", "", "",1
			P: "InheritType", "enum", "", "",1
			P: "ScalingMax", "Vector3D", "Vector", "",0,0,0
			P: "DefaultAttributeIndex", "int", "Integer", "",0
			P: "Lcl Translation", "Lcl Translation", "", "A+",-14.9537076950073,-6.21221923828125,1.19209289550781e-06
			P: "Lcl Rotation", "Lcl Rotation", "", "A+",-178.157608032227,-10.4351053237915,89.9201202392578
		}
		Shading: Y
		Culling: "CullingOff"
	}
	Model: 2583275560704, "Model::toes_l", "LimbNode" {
		Version: 232
		Properties70:  {
			P: "RotationActive", "bool", "", "",1
			P: "InheritType", "enum", "", "",1
			P: "ScalingMax", "Vector3D", "Vector", "",0,0,0
			P: "DefaultAttributeIndex", "int", "Integer", "",0
			P: "Lcl Translation", "Lcl Translation", "", "A+",5.88895130157471,-2.78807310863328e-15,-1.59129888102914e-15
			P: "Lcl Rotation", "Lcl Rotation", "", "A+",9.09494701772928e-13,90,0
		}
		Shading: Y
		Culling: "CullingOff"
	}
	Model: 2583275661296, "Model::ball_l", "LimbNode" {
		Version: 232
		Properties70:  {
			P: "RotationActive", "bool", "", "",1
			P: "InheritType", "enum", "", "",1
			P: "ScalingMax", "Vector3D", "Vector", "",0,0,0
			P: "DefaultAttributeIndex", "int", "Integer", "",0
			P: "Lcl Translation", "Lcl Translation", "", "A+",9.23283290863037,-3.78234672546387,9.5367431640625e-07
			P: "Lcl Rotation", "Lcl Rotation", "", "A+",-9.59324438554177e-07,-2.60060041910037e-05,21.5135345458984
		}
		Shading: Y
		Culling: "CullingOff"
	}
	Model: 2583275663296, "Model::foot_l", "LimbNode" {
		Version: 232
		Properties70:  {
			P: "RotationActive", "bool", "", "",1
			P: "InheritType", "enum", "", "",1
			P: "ScalingMax", "Vector3D", "Vector", "",0,0,0
			P: "DefaultAttributeIndex", "int", "Integer", "",0
			P: "Lcl Translation", "Lcl Translation", "", "A+",22.0220336914063,-0.139665603637695,-0.0274982452392578
			P: "Lcl Rotation", "Lcl Rotation", "", "A+",172.396194458008,-9.16011047363281,-54.419677734375
		}
		Shading: Y
		Culling: "CullingOff"
	}
	Model: 2583275675376, "Model::calf_l", "LimbNode" {
		Version: 232
		Properties70:  {
			P: "RotationActive", "bool", "", "",1
			P: "InheritType", "enum", "", "",1
			P: "ScalingMax", "Vector3D", "Vector", "",0,0,0
			P: "DefaultAttributeIndex", "int", "Integer", "",0
			P: "Lcl Translation", "Lcl Translation", "", "A+",18.5320892333984,1.9073486328125e-06,7.62939453125e-06
			P: "Lcl Rotation", "Lcl Rotation", "", "A+",-77.5021743774414,22.335973739624,0.563980579376221
		}
		Shading: Y
		Culling: "CullingOff"
	}
	Model: 2583275665376, "Model::thigh_l", "LimbNode" {
		Version: 232
		Properties70:  {
			P: "RotationActive", "bool", "", "",1
			P: "InheritType", "enum", "", "",1
			P: "ScalingMax", "Vector3D", "Vector", "",0,0,0
			P: "DefaultAttributeIndex", "int", "Integer", "",0
			P: "Lcl Translation", "Lcl Translation", "", "A+",14.9537086486816,-6.21223068237305,6.43730163574219e-06
			P: "Lcl Rotation", "Lcl Rotation", "", "A+",-3.6583251953125,-45.4990997314453,-88.4895095825195
		}
		Shading: Y
		Culling: "CullingOff"
	}
	Model: 2583275671376, "Model::eyebrows", "LimbNode" {
		Version: 232
		Properties70:  {
			P: "RotationActive", "bool", "", "",1
			P: "InheritType", "enum", "", "",1
			P: "ScalingMax", "Vector3D", "Vector", "",0,0,0
			P: "DefaultAttributeIndex", "int", "Integer", "",0
			P: "Lcl Translation", "Lcl Translation", "", "A+",49.2088356018066,4.74971103668213,1.35484046467145e-14
			P: "Lcl Rotation", "Lcl Rotation", "", "A+",43.7474670410156,90,0
		}
		Shading: Y
		Culling: "CullingOff"
	}
	Model: 2583275667376, "Model::eyes", "LimbNode" {
		Version: 232
		Properties70:  {
			P: "RotationActive", "bool", "", "",1
			P: "InheritType", "enum", "", "",1
			P: "ScalingMax", "Vector3D", "Vector", "",0,0,0
			P: "DefaultAttributeIndex", "int", "Integer", "",0
			P: "Lcl Translation", "Lcl Translation", "", "A+",44.6623764038086,-3.5527136788005e-15,-7.52555400537324e-15
			P: "Lcl Rotation", "Lcl Rotation", "", "A+",43.7474670410156,90,0
		}
		Shading: Y
		Culling: "CullingOff"
	}
	Model: 2583275677376, "Model::head", "LimbNode" {
		Version: 232
		Properties70:  {
			P: "RotationActive", "bool", "", "",1
			P: "InheritType", "enum", "", "",1
			P: "ScalingMax", "Vector3D", "Vector", "",0,0,0
			P: "DefaultAttributeIndex", "int", "Integer", "",0
			P: "Lcl Translation", "Lcl Translation", "", "A+",6.99295997619629,4.88498130835069e-15,3.89666972412059e-16
			P: "Lcl Rotation", "Lcl Rotation", "", "A+",7.01670912670559e-15,7.01670912670559e-15,-26.2205047607422
		}
		Shading: Y
		Culling: "CullingOff"
	}
	Model: 2583275679376, "Model::neck_01", "LimbNode" {
		Version: 232
		Properties70:  {
			P: "RotationActive", "bool", "", "",1
			P: "InheritType", "enum", "", "",1
			P: "ScalingMax", "Vector3D", "Vector", "",0,0,0
			P: "DefaultAttributeIndex", "int", "Integer", "",0
			P: "Lcl Translation", "Lcl Translation", "", "A+",19.0081939697266,-2.38418579101563e-05,-5.29736280441284e-06
			P: "Lcl Rotation", "Lcl Rotation", "", "A+",179.963485717773,-0.0503992959856987,32.679817199707
		}
		Shading: Y
		Culling: "CullingOff"
	}
	Model: 2583275669376, "Model::middle_02_r", "LimbNode" {
		Version: 232
		Properties70:  {
			P: "RotationActive", "bool", "", "",1
			P: "InheritType", "enum", "", "",1
			P: "ScalingMax", "Vector3D", "Vector", "",0,0,0
			P: "DefaultAttributeIndex", "int", "Integer", "",0
			P: "Lcl Translation", "Lcl Translation", "", "A+",-7.30101776123047,-6.103515625e-05,9.5367431640625e-06
			P: "Lcl Rotation", "Lcl Rotation", "", "A+",-6.53670440442511e-07,-0.314558148384094,19.4848232269287
		}
		Shading: Y
		Culling: "CullingOff"
	}
	Model: 2583275673376, "Model::middle_01_r", "LimbNode" {
		Version: 232
		Properties70:  {
			P: "RotationActive", "bool", "", "",1
			P: "InheritType", "enum", "", "",1
			P: "ScalingMax", "Vector3D", "Vector", "",0,0,0
			P: "DefaultAttributeIndex", "int", "Integer", "",0
			P: "Lcl Translation", "Lcl Translation", "", "A+",-8.70850944519043,-1.99654388427734,11.0552968978882
			P: "Lcl Rotation", "Lcl Rotation", "", "A+",-22.6556854248047,47.4308776855469,-16.6307678222656
		}
		Shading: Y
		Culling: "CullingOff"
	}
	Model: 2583275713888, "Model::thumb_03_r", "LimbNode" {
		Version: 232
		Properties70:  {
			P: "RotationActive", "bool", "", "",1
			P: "InheritType", "enum", "", "",1
			P: "ScalingMax", "Vector3D", "Vector", "",0,0,0
			P: "DefaultAttributeIndex", "int", "Integer", "",0
			P: "Lcl Translation", "Lcl Translation", "", "A+",-7.90311431884766,0,4.9591064453125e-05
			P: "Lcl Rotation", "Lcl Rotation", "", "A+",4.26886836066842e-05,24.4663524627686,24.0753974914551
		}
		Shading: Y
		Culling: "CullingOff"
	}
	Model: 2583275687888, "Model::thumb_02_r", "LimbNode" {
		Version: 232
		Properties70:  {
			P: "RotationActive", "bool", "", "",1
			P: "InheritType", "enum", "", "",1
			P: "ScalingMax", "Vector3D", "Vector", "",0,0,0
			P: "DefaultAttributeIndex", "int", "Integer", "",0
			P: "Lcl Translation", "Lcl Translation", "", "A+",-7.66439819335938,-3.0517578125e-05,9.5367431640625e-06
			P: "Lcl Rotation", "Lcl Rotation", "", "A+",-4.49156188964844,9.94134521484375,-13.74951171875
		}
		Shading: Y
		Culling: "CullingOff"
	}
	Model: 2583275689888, "Model::thumb_01_r", "LimbNode" {
		Version: 232
		Properties70:  {
			P: "RotationActive", "bool", "", "",1
			P: "InheritType", "enum", "", "",1
			P: "ScalingMax", "Vector3D", "Vector", "",0,0,0
			P: "DefaultAttributeIndex", "int", "Integer", "",0
			P: "Lcl Translation", "Lcl Translation", "", "A+",-9.76167488098145,-9.1552734375e-05,-2.86102294921875e-05
			P: "Lcl Rotation", "Lcl Rotation", "", "A+",-2.99007749557495,15.4096479415894,1.79093968868256
		}
		Shading: Y
		Culling: "CullingOff"
	}
	Model: 2583275715888, "Model::hand_r", "LimbNode" {
		Version: 232
		Properties70:  {
			P: "RotationActive", "bool", "", "",1
			P: "InheritType", "enum", "", "",1
			P: "ScalingMax", "Vector3D", "Vector", "",0,0,0
			P: "DefaultAttributeIndex", "int", "Integer", "",0
			P: "Lcl Translation", "Lcl Translation", "", "A+",-26.7537536621094,1.24494874477386,1.68753899743024e-14
			P: "Lcl Rotation", "Lcl Rotation", "", "A+",15.456298828125,-49.2965698242188,-15.8974761962891
		}
		Shading: Y
		Culling: "CullingOff"
	}
	Model: 2583275707888, "Model::lowerarm_r", "LimbNode" {
		Version: 232
		Properties70:  {
			P: "RotationActive", "bool", "", "",1
			P: "InheritType", "enum", "", "",1
			P: "ScalingMax", "Vector3D", "Vector", "",0,0,0
			P: "DefaultAttributeIndex", "int", "Integer", "",0
			P: "Lcl Translation", "Lcl Translation", "", "A+",-26.7572402954102,-1.16736602783203,8.53836536407471e-06
			P: "Lcl Rotation", "Lcl Rotation", "", "A+",-4.73768329620361,-64.1050872802734,8.12991714477539
		}
		Shading: Y
		Culling: "CullingOff"
	}
	Model: 2583275705888, "Model::upperarm_r", "LimbNode" {
		Version: 232
		Properties70:  {
			P: "RotationActive", "bool", "", "",1
			P: "InheritType", "enum", "", "",1
			P: "ScalingMax", "Vector3D", "Vector", "",0,0,0
			P: "DefaultAttributeIndex", "int", "Integer", "",0
			P: "Lcl Translation", "Lcl Translation", "", "A+",-12.6666889190674,-7.62939453125e-06,8.58306884765625e-06
			P: "Lcl Rotation", "Lcl Rotation", "", "A+",21.4646453857422,-23.0133819580078,-58.5945053100586
		}
		Shading: Y
		Culling: "CullingOff"
	}
	Model: 2583275709888, "Model::clavicle_r", "LimbNode" {
		Version: 232
		Properties70:  {
			P: "RotationActive", "bool", "", "",1
			P: "InheritType", "enum", "", "",1
			P: "ScalingMax", "Vector3D", "Vector", "",0,0,0
			P: "DefaultAttributeIndex", "int", "Integer", "",0
			P: "Lcl Translation", "Lcl Translation", "", "A+",7.25601196289063,-6.64822864532471,-10.7501268386841
			P: "Lcl Rotation", "Lcl Rotation", "", "A+",-10.665717124939,-56.4415054321289,91.6216812133789
		}
		Shading: Y
		Culling: "CullingOff"
	}
	Model: 2583275691888, "Model::middle_02_l", "LimbNode" {
		Version: 232
		Properties70:  {
			P: "RotationActive", "bool", "", "",1
			P: "InheritType", "enum", "", "",1
			P: "ScalingMax", "Vector3D", "Vector", "",0,0,0
			P: "DefaultAttributeIndex", "int", "Integer", "",0
			P: "Lcl Translation", "Lcl Translation", "", "A+",7.30091285705566,7.62939453125e-06,-4.29153442382813e-06
			P: "Lcl Rotation", "Lcl Rotation", "", "A+",9.10469589143759e-06,-0.314551562070847,19.4847869873047
		}
		Shading: Y
		Culling: "CullingOff"
	}
	Model: 2583275685888, "Model::middle_01_l", "LimbNode" {
		Version: 232
		Properties70:  {
			P: "RotationActive", "bool", "", "",1
			P: "InheritType", "enum", "", "",1
			P: "ScalingMax", "Vector3D", "Vector", "",0,0,0
			P: "DefaultAttributeIndex", "int", "Integer", "",0
			P: "Lcl Translation", "Lcl Translation", "", "A+",8.70859909057617,1.99649810791016,-11.0553197860718
			P: "Lcl Rotation", "Lcl Rotation", "", "A+",-22.6557922363281,47.4308624267578,-16.6308135986328
		}
		Shading: Y
		Culling: "CullingOff"
	}
	Model: 2583275693888, "Model::thumb_03_l", "LimbNode" {
		Version: 232
		Properties70:  {
			P: "RotationActive", "bool", "", "",1
			P: "InheritType", "enum", "", "",1
			P: "ScalingMax", "Vector3D", "Vector", "",0,0,0
			P: "DefaultAttributeIndex", "int", "Integer", "",0
			P: "Lcl Translation", "Lcl Translation", "", "A+",7.90309143066406,-7.62939453125e-06,6.79492950439453e-06
			P: "Lcl Rotation", "Lcl Rotation", "", "A+",6.83018924974022e-06,24.4663276672363,24.0754127502441
		}
		Shading: Y
		Culling: "CullingOff"
	}
	Model: 2583275703888, "Model::thumb_02_l", "LimbNode" {
		Version: 232
		Properties70:  {
			P: "RotationActive", "bool", "", "",1
			P: "InheritType", "enum", "", "",1
			P: "ScalingMax", "Vector3D", "Vector", "",0,0,0
			P: "DefaultAttributeIndex", "int", "Integer", "",0
			P: "Lcl Translation", "Lcl Translation", "", "A+",7.66439533233643,7.62939453125e-06,1.01327896118164e-06
			P: "Lcl Rotation", "Lcl Rotation", "", "A+",-4.49156188964844,9.94137573242188,-13.7494964599609
		}
		Shading: Y
		Culling: "CullingOff"
	}
	Model: 2583275711888, "Model::thumb_01_l", "LimbNode" {
		Version: 232
		Properties70:  {
			P: "RotationActive", "bool", "", "",1
			P: "InheritType", "enum", "", "",1
			P: "ScalingMax", "Vector3D", "Vector", "",0,0,0
			P: "DefaultAttributeIndex", "int", "Integer", "",0
			P: "Lcl Translation", "Lcl Translation", "", "A+",9.76176261901855,0,1.27553939819336e-05
			P: "Lcl Rotation", "Lcl Rotation", "", "A+",-2.9901397228241,15.4096937179565,1.79094707965851
		}
		Shading: Y
		Culling: "CullingOff"
	}
	Model: 2583275695888, "Model::hand_l", "LimbNode" {
		Version: 232
		Properties70:  {
			P: "RotationActive", "bool", "", "",1
			P: "InheritType", "enum", "", "",1
			P: "ScalingMax", "Vector3D", "Vector", "",0,0,0
			P: "DefaultAttributeIndex", "int", "Integer", "",0
			P: "Lcl Translation", "Lcl Translation", "", "A+",26.7537384033203,-1.24495184421539,-1.60977506880045e-07
			P: "Lcl Rotation", "Lcl Rotation", "", "A+",15.456298828125,-49.2965698242188,-15.8974761962891
		}
		Shading: Y
		Culling: "CullingOff"
	}
	Model: 2583275697888, "Model::lowerarm_l", "LimbNode" {
		Version: 232
		Properties70:  {
			P: "RotationActive", "bool", "", "",1
			P: "InheritType", "enum", "", "",1
			P: "ScalingMax", "Vector3D", "Vector", "",0,0,0
			P: "DefaultAttributeIndex", "int", "Integer", "",0
			P: "Lcl Translation", "Lcl Translation", "", "A+",26.7572975158691,1.1673583984375,2.6702880859375e-05
			P: "Lcl Rotation", "Lcl Rotation", "", "A+",-3.17663669586182,-58.1085510253906,7.12494087219238
		}
		Shading: Y
		Culling: "CullingOff"
	}
	Model: 2583275699888, "Model::upperarm_l", "LimbNode" {
		Version: 232
		Properties70:  {
			P: "RotationActive", "bool", "", "",1
			P: "InheritType", "enum", "", "",1
			P: "ScalingMax", "Vector3D", "Vector", "",0,0,0
			P: "DefaultAttributeIndex", "int", "Integer", "",0
			P: "Lcl Translation", "Lcl Translation", "", "A+",12.6667232513428,-7.62939453125e-06,2.78949737548828e-05
			P: "Lcl Rotation", "Lcl Rotation", "", "A+",40.90576171875,-27.7128295898438,-35.9747619628906
		}
		Shading: Y
		Culling: "CullingOff"
	}
	Model: 2583275701888, "Model::clavicle_l", "LimbNode" {
		Version: 232
		Properties70:  {
			P: "RotationActive", "bool", "", "",1
			P: "InheritType", "enum", "", "",1
			P: "ScalingMax", "Vector3D", "Vector", "",0,0,0
			P: "DefaultAttributeIndex", "int", "Integer", "",0
			P: "Lcl Translation", "Lcl Translation", "", "A+",8.2901611328125,-7.04443073272705,10.9252796173096
			P: "Lcl Rotation", "Lcl Rotation", "", "A+",12.4883117675781,-54.631591796875,-114.647262573242
		}
		Shading: Y
		Culling: "CullingOff"
	}
	Model: 2583275767168, "Model::spine_03", "LimbNode" {
		Version: 232
		Properties70:  {
			P: "RotationActive", "bool", "", "",1
			P: "InheritType", "enum", "", "",1
			P: "ScalingMax", "Vector3D", "Vector", "",0,0,0
			P: "DefaultAttributeIndex", "int", "Integer", "",0
			P: "Lcl Translation", "Lcl Translation", "", "A+",15.2340784072876,3.38264492134312e-15,-4.44089209850063e-16
			P: "Lcl Rotation", "Lcl Rotation", "", "A+",90,5.42063522338867,7.28967597751762e-06
		}
		Shading: Y
		Culling: "CullingOff"
	}
	Model: 2583275745168, "Model::spine_02", "LimbNode" {
		Version: 232
		Properties70:  {
			P: "RotationActive", "bool", "", "",1
			P: "InheritType", "enum", "", "",1
			P: "ScalingMax", "Vector3D", "Vector", "",0,0,0
			P: "DefaultAttributeIndex", "int", "Integer", "",0
			P: "Lcl Translation", "Lcl Translation", "", "A+",15.5314865112305,-1.23679637908936e-06,-5.7220458984375e-06
			P: "Lcl Rotation", "Lcl Rotation", "", "A+",0.000398822099668905,-0.809626936912537,0.00965974573045969
		}
		Shading: Y
		Culling: "CullingOff"
	}
	Model: 2583275751168, "Model::spine_01", "LimbNode" {
		Version: 232
		Properties70:  {
			P: "RotationActive", "bool", "", "",1
			P: "InheritType", "enum", "", "",1
			P: "ScalingMax", "Vector3D", "Vector", "",0,0,0
			P: "DefaultAttributeIndex", "int", "Integer", "",0
			P: "Lcl Translation", "Lcl Translation", "", "A+",-4.17232513427734e-07,9.62168884277344,-2.02619051933289
			P: "Lcl Rotation", "Lcl Rotation", "", "A+",-0.500360667705536,-13.2488737106323,90.0433731079102
		}
		Shading: Y
		Culling: "CullingOff"
	}
	Model: 2583275753168, "Model::pelvis", "LimbNode" {
		Version: 232
		Properties70:  {
			P: "RotationActive", "bool", "", "",1
			P: "InheritType", "enum", "", "",1
			P: "ScalingMax", "Vector3D", "Vector", "",0,0,0
			P: "DefaultAttributeIndex", "int", "Integer", "",0
			P: "Lcl Translation", "Lcl Translation", "", "A+",0.00135406234767288,55.2815933227539,-0.0114274621009827
			P: "Lcl Rotation", "Lcl Rotation", "", "A+",4.12321996688843,-0.0594000555574894,0.0339023806154728
		}
		Shading: Y
		Culling: "CullingOff"
	}
	Model: 2583275739168, "Model::root", "LimbNode" {
		Version: 232
		Properties70:  {
			P: "RotationActive", "bool", "", "",1
			P: "InheritType", "enum", "", "",1
			P: "ScalingMax", "Vector3D", "Vector", "",0,0,0
			P: "DefaultAttributeIndex", "int", "Integer", "",0
		}
		Shading: Y
		Culling: "CullingOff"
	}
	Pose: 2583275562704, "Pose::BindPose", "BindPose" {
		Type: "BindPose"
		Version: 100
		NbPoseNodes: 37
		PoseNode:  {
			Node: 2583275375808
			Matrix: *16 {
				a: 1.33158054433508e-07,-3.46944695195361e-18,-0.999999999999991,0,3.60822483003176e-15,1,0,0,0.999999999999991,-3.60822483003176e-15,1.33158054424834e-07,0,-5.88894987106323,7.105427357601e-15,0,1
			} 
		}
		PoseNode:  {
			Node: 2583275552704
			Matrix: *16 {
				a: 0.930330990643978,0.366720940016374,9.49632444898624e-07,0,-0.366720940016898,0.930330990644148,4.48546779009337e-07,0,-7.18980996759766e-07,-7.65547072130446e-07,0.999999999999449,0,-9.23282623291016,3.7823486328125,9.53674318182607e-07,1
			} 
		}
		PoseNode:  {
			Node: 2583275554704
			Matrix: *16 {
				a: 0.223998151227872,-0.952646109167941,0.20564585805136,0,-0.973831957426948,-0.210466065154296,0.0857633611308872,0,-0.0384206577311559,-0.219475342819307,-0.974861234716948,0,-21.5827732086182,0.235740661621094,6.77108764666201e-05,1
			} 
		}
		PoseNode:  {
			Node: 2583275556704
			Matrix: *16 {
				a: 0.701424428675707,0.0193247184349012,-0.712481807567302,0,-0.697021036546931,0.227405300304476,-0.680035663773947,0,0.148880641683195,0.973608434973138,0.172977368118367,0,-18.5321044921875,-4.29153442382813e-05,-1.9073486328125e-06,1
			} 
		}
		PoseNode:  {
			Node: 2583275558704
			Matrix: *16 {
				a: 0.0013711058503004,0.98345972571785,0.181121748996962,0,0.999490193648476,0.00442966286047511,-0.0316185212727311,0,-0.0318978505432403,0.181072764318419,-0.982952278166549,0,-14.9537076950073,-6.21221923828124,1.19209289550781e-06,1
			} 
		}
		PoseNode:  {
			Node: 2583275560704
			Matrix: *16 {
				a: 4.85722573273506e-17,-3.03576608295941e-18,-1,0,1.58623114643319e-14,1,-3.03576608295941e-18,0,1,-1.58484336765241e-14,6.24500451351651e-17,0,5.8889513015747,-1.77635683940025e-15,-1.77635683940025e-15,1
			} 
		}
		PoseNode:  {
			Node: 2583275661296
			Matrix: *16 {
				a: 0.930330966228376,0.366721001957033,4.53890398412204e-07,0,-0.366721001957064,0.930330966228474,-1.67433700398213e-08,0,-4.28408438356287e-07,-1.50874266052758e-07,0.999999999999897,0,9.23283290863037,-3.78234672546387,9.53674318182607e-07,1
			} 
		}
		PoseNode:  {
			Node: 2583275663296
			Matrix: *16 {
				a: 0.574423626307549,-0.802928888108047,0.159193901206235,0,-0.818405559268119,-0.559595299104247,0.130634764819574,0,-0.0158062677037617,-0.205324869078256,-0.978566226700715,0,22.0220336914063,-0.139665603637695,-0.0274982452392614,1
			} 
		}
		PoseNode:  {
			Node: 2583275675376
			Matrix: *16 {
				a: 0.924926480325101,0.00910463955199172,-0.380036987057903,0,-0.373143824538038,0.212739955482802,-0.903053374696258,0,0.0726270762356974,0.977066434220214,0.200166158272698,0,18.5320892333984,1.9073486328125e-06,7.62939452414457e-06,1
			} 
		}
		PoseNode:  {
			Node: 2583275665376
			Matrix: *16 {
				a: 0.0184762478181827,-0.700676912213856,0.713239435923882,0,0.998815139571473,-0.0191871953876066,-0.0447232433526175,0,0.0450216084717187,0.713220664467606,0.699492200490474,0,14.9537086486816,-6.21223068237304,6.4373016352981e-06,1
			} 
		}
		PoseNode:  {
			Node: 2583275671376
			Matrix: *16 {
				a: 6.24500451351651e-17,4.33680868994202e-19,-1,0,0.691481120498033,0.722394532090869,4.33680868994202e-17,0,0.722394532090869,-0.691481120498033,4.33680868994202e-17,0,49.2088356018067,4.74971103668213,1.36557432028894e-14,1
			} 
		}
		PoseNode:  {
			Node: 2583275667376
			Matrix: *16 {
				a: 6.24500451351651e-17,4.33680868994202e-19,-1,0,0.691481120498033,0.722394532090869,4.33680868994202e-17,0,0.722394532090869,-0.691481120498033,4.33680868994202e-17,0,44.6623764038086,0,-7.43849426498855e-15,1
			} 
		}
		PoseNode:  {
			Node: 2583275677376
			Matrix: *16 {
				a: 0.89710030805319,-0.441826931377968,-1.23165366794353e-16,0,0.441826931377968,0.897100308053191,1.21430643318376e-16,0,5.55111512312578e-17,-1.65666091955785e-16,1,0,6.99295997619632,0,3.88578058618805e-16,1
			} 
		}
		PoseNode:  {
			Node: 2583275679376
			Matrix: *16 {
				a: 0.841700707162612,0.539943650584753,0.00087963354220073,0,0.539943277984012,-0.841701164556658,0.000637294159161989,0,0.00108449151164772,-6.14587262366944e-05,-0.999999410050319,0,19.0081939697266,-2.3841857913709e-05,-5.29736280441284e-06,1
			} 
		}
		PoseNode:  {
			Node: 2583275669376
			Matrix: *16 {
				a: 0.942715670996991,0.33355212940687,0.00549004779899331,0,-0.333557156196254,0.942729878358731,-1.14085296071265e-08,0,-0.00517563589906794,-0.00183123397621426,0.999984929574024,0,-7.30101776123047,-6.103515625e-05,9.5367431640625e-06,1
			} 
		}
		PoseNode:  {
			Node: 2583275673376
			Matrix: *16 {
				a: 0.648181390240004,-0.193610332543549,-0.73646176036432,0,-0.00769442232588755,0.965423043544038,-0.260574639708546,0,0.761447096791108,0.174566280038683,0.624279530868865,0,-8.70850944519043,-1.99654388427734,11.0552968978882,1
			} 
		}
		PoseNode:  {
			Node: 2583275713888
			Matrix: *16 {
				a: 0.831025424005715,0.371307478746801,-0.414158787040449,0,-0.40793817479068,0.913009553919338,6.78155328641059e-07,0,0.37813118121172,0.168950616094483,0.910204646833186,0,-7.90311431884766,0,4.9591064453125e-05,1
			} 
		}
		PoseNode:  {
			Node: 2583275687888
			Matrix: *16 {
				a: 0.95675936756259,-0.234108885974947,-0.17263992032205,0,0.223815275152411,0.971574338739522,-0.0771364175426282,0,0.185790837205943,0.0351615387949589,0.981959994602574,0,-7.66439819335938,-3.0517578125e-05,9.53674317116793e-06,1
			} 
		}
		PoseNode:  {
			Node: 2583275689888
			Matrix: *16 {
				a: 0.963579749643107,0.0301291907906765,-0.26571845615242,0,-0.0450640608952472,0.997717579711559,-0.0502877872861707,0,0.263596844619498,0.0604306461723577,0.962738199361507,0,-9.76167488098145,-9.1552734375e-05,-2.86102294833057e-05,1
			} 
		}
		PoseNode:  {
			Node: 2583275715888
			Matrix: *16 {
				a: 0.627201492296128,-0.178633176104994,0.758095295102241,0,0.0697026271260678,0.982311372594439,0.173798478253847,0,-0.775731804061968,-0.0561654312390712,0.628558360457082,0,-26.7537536621094,1.24494874477388,1.06581410364015e-14,1
			} 
		}
		PoseNode:  {
			Node: 2583275707888
			Matrix: *16 {
				a: 0.432332838366662,0.061760408010452,0.899596558948626,0,-0.0673804439503494,0.99707511633097,-0.0360705997543309,0,-0.89919307862265,-0.0450207107447871,0.435229758818437,0,-26.7572402954102,-1.16736602783202,8.5383653645188e-06,1
			} 
		}
		PoseNode:  {
			Node: 2583275705888
			Matrix: *16 {
				a: 0.479619674044857,-0.785573743936883,0.390946110232719,0,0.719758857292155,0.60705033581725,0.336804211870419,0,-0.501908513195977,0.119848999249689,0.856576944448222,0,-12.6666889190674,-7.62939451703915e-06,8.58306884410354e-06,1
			} 
		}
		PoseNode:  {
			Node: 2583275709888
			Matrix: *16 {
				a: -0.0156438447366749,0.55256662663665,0.833321902537817,0,-0.98669480684435,0.126357328495524,-0.102309255113426,0,-0.161829009353221,-0.823834903765838,0.543237906509559,0,7.25601196289061,-6.64822864532471,-10.7501268386841,1
			} 
		}
		PoseNode:  {
			Node: 2583275691888
			Matrix: *16 {
				a: 0.942715882563726,0.33355153334893,0.00548993284787402,0,-0.333556560800294,0.942730089021802,1.58904526009751e-07,0,-0.00517547187955175,-0.00183135292158176,0.999984930205101,0,7.30091285705567,7.62939454546085e-06,-4.29153442205177e-06,1
			} 
		}
		PoseNode:  {
			Node: 2583275685888
			Matrix: *16 {
				a: 0.648181423482331,-0.193610906540518,-0.736461580206991,0,-0.00769500400975759,0.965422704400682,-0.260575879046704,0,0.761447062615458,0.174567519018378,0.624279226098434,0,8.70859909057617,1.99649810791017,-11.0553197860718,1
			} 
		}
		PoseNode:  {
			Node: 2583275693888
			Matrix: *16 {
				a: 0.831025488761734,0.371307773178238,-0.4141583931369,0,-0.407938654592695,0.913009339540998,1.08504872021326e-07,0,0.378130521271985,0.168951127514225,0.910204826066226,0,7.90309143066406,-7.62939451703915e-06,6.79492949995364e-06,1
			} 
		}
		PoseNode:  {
			Node: 2583275703888
			Matrix: *16 {
				a: 0.956759340590811,-0.234108609319189,-0.172640444956773,0,0.223814976498501,0.971574408110156,-0.0771364103415226,0,0.185791335877679,0.0351614639632066,0.981959902931251,0,7.66439533233643,7.62939453125e-06,1.01327897272796e-06,1
			} 
		}
		PoseNode:  {
			Node: 2583275711888
			Matrix: *16 {
				a: 0.963579533564608,0.0301293084546037,-0.265719226379008,0,-0.0450645160409258,0.997717507010186,-0.0502888218133754,0,0.263597556683305,0.0604317878059851,0.962737932738273,0,9.76176261901855,1.4210854715202e-14,1.27553939828218e-05,1
			} 
		}
		PoseNode:  {
			Node: 2583275695888
			Matrix: *16 {
				a: 0.627201492296128,-0.178633176104994,0.75809529510224,0,0.0697026271260676,0.982311372594439,0.173798478253847,0,-0.775731804061967,-0.0561654312390713,0.628558360457081,0,26.7537384033203,-1.24495184421538,-1.60977501550974e-07,1
			} 
		}
		PoseNode:  {
			Node: 2583275697888
			Matrix: *16 {
				a: 0.524232024109221,0.0655283016436554,0.849050544185708,0,-0.07715655752895,0.996589071882304,-0.0292760556607526,0,-0.848072904017474,-0.0501623712404803,0.527499844533533,0,26.7572975158691,1.16735839843749,2.67028808451641e-05,1
			} 
		}
		PoseNode:  {
			Node: 2583275699888
			Matrix: *16 {
