; FBX 7.5.0 project file
; ----------------------------------------------------

FBXHeaderExtension:  {
	FBXHeaderVersion: 1003
	FBXVersion: 7500
	CreationTimeStamp:  {
		Version: 1000
		Year: 2020
		Month: 8
		Day: 26
		Hour: 19
		Minute: 52
		Second: 26
		Millisecond: 809
	}
	Creator: "FBX SDK/FBX Plugins version 2019.0"
	SceneInfo: "SceneInfo::GlobalInfo", "UserData" {
		Type: "UserData"
		Version: 100
		MetaData:  {
			Version: 100
			Title: ""
			Subject: ""
			Author: ""
			Keywords: ""
			Revision: ""
			Comment: ""
		}
		Properties70:  {
			P: "DocumentUrl", "KString", "Url", "", "C:\Users\Suzamaki\Documents\Unity Projects\Endless Tower Defense\Assets\PolygonMiniFantasyCharacters\Animations\Idle.fbx"
			P: "SrcDocumentUrl", "KString", "Url", "", "C:\Users\Suzamaki\Documents\Unity Projects\Endless Tower Defense\Assets\PolygonMiniFantasyCharacters\Animations\Idle.fbx"
			P: "Original", "Compound", "", ""
			P: "Original|ApplicationVendor", "KString", "", "", ""
			P: "Original|ApplicationName", "KString", "", "", ""
			P: "Original|ApplicationVersion", "KString", "", "", ""
			P: "Original|DateTime_GMT", "DateTime", "", "", ""
			P: "Original|FileName", "KString", "", "", ""
			P: "LastSaved", "Compound", "", ""
			P: "LastSaved|ApplicationVendor", "KString", "", "", ""
			P: "LastSaved|ApplicationName", "KString", "", "", ""
			P: "LastSaved|ApplicationVersion", "KString", "", "", ""
			P: "LastSaved|DateTime_GMT", "DateTime", "", "", ""
		}
	}
}
GlobalSettings:  {
	Version: 1000
	Properties70:  {
		P: "UpAxis", "int", "Integer", "",1
		P: "UpAxisSign", "int", "Integer", "",1
		P: "FrontAxis", "int", "Integer", "",2
		P: "FrontAxisSign", "int", "Integer", "",1
		P: "CoordAxis", "int", "Integer", "",0
		P: "CoordAxisSign", "int", "Integer", "",1
		P: "OriginalUpAxis", "int", "Integer", "",-1
		P: "OriginalUpAxisSign", "int", "Integer", "",1
		P: "UnitScaleFactor", "double", "Number", "",1
		P: "OriginalUnitScaleFactor", "double", "Number", "",1
		P: "AmbientColor", "ColorRGB", "Color", "",0,0,0
		P: "DefaultCamera", "KString", "", "", "Producer Perspective"
		P: "TimeMode", "enum", "", "",0
		P: "TimeProtocol", "enum", "", "",2
		P: "SnapOnFrameMode", "enum", "", "",0
		P: "TimeSpanStart", "KTime", "Time", "",0
		P: "TimeSpanStop", "KTime", "Time", "",46186158000
		P: "CustomFrameRate", "double", "Number", "",-1
		P: "TimeMarker", "Compound", "", ""
		P: "CurrentTimeMarker", "int", "Integer", "",-1
	}
}

; Documents Description
;------------------------------------------------------------------

Documents:  {
	Count: 1
	Document: 2391287252464, "myScene", "Scene" {
		Properties70:  {
			P: "SourceObject", "object", "", ""
			P: "ActiveAnimStackName", "KString", "", "", ""
		}
		RootNode: 0
	}
}

; Document References
;------------------------------------------------------------------

References:  {
}

; Object definitions
;------------------------------------------------------------------

Definitions:  {
	Version: 100
	Count: 522
	ObjectType: "GlobalSettings" {
		Count: 1
	}
	ObjectType: "NodeAttribute" {
		Count: 37
		PropertyTemplate: "FbxSkeleton" {
			Properties70:  {
				P: "Color", "ColorRGB", "Color", "",0.8,0.8,0.8
				P: "Size", "double", "Number", "",100
				P: "LimbLength", "double", "Number", "H",1
			}
		}
	}
	ObjectType: "Model" {
		Count: 37
		PropertyTemplate: "FbxNode" {
			Properties70:  {
				P: "QuaternionInterpolate", "enum", "", "",0
				P: "RotationOffset", "Vector3D", "Vector", "",0,0,0
				P: "RotationPivot", "Vector3D", "Vector", "",0,0,0
				P: "ScalingOffset", "Vector3D", "Vector", "",0,0,0
				P: "ScalingPivot", "Vector3D", "Vector", "",0,0,0
				P: "TranslationActive", "bool", "", "",0
				P: "TranslationMin", "Vector3D", "Vector", "",0,0,0
				P: "TranslationMax", "Vector3D", "Vector", "",0,0,0
				P: "TranslationMinX", "bool", "", "",0
				P: "TranslationMinY", "bool", "", "",0
				P: "TranslationMinZ", "bool", "", "",0
				P: "TranslationMaxX", "bool", "", "",0
				P: "TranslationMaxY", "bool", "", "",0
				P: "TranslationMaxZ", "bool", "", "",0
				P: "RotationOrder", "enum", "", "",0
				P: "RotationSpaceForLimitOnly", "bool", "", "",0
				P: "RotationStiffnessX", "double", "Number", "",0
				P: "RotationStiffnessY", "double", "Number", "",0
				P: "RotationStiffnessZ", "double", "Number", "",0
				P: "AxisLen", "double", "Number", "",10
				P: "PreRotation", "Vector3D", "Vector", "",0,0,0
				P: "PostRotation", "Vector3D", "Vector", "",0,0,0
				P: "RotationActive", "bool", "", "",0
				P: "RotationMin", "Vector3D", "Vector", "",0,0,0
				P: "RotationMax", "Vector3D", "Vector", "",0,0,0
				P: "RotationMinX", "bool", "", "",0
				P: "RotationMinY", "bool", "", "",0
				P: "RotationMinZ", "bool", "", "",0
				P: "RotationMaxX", "bool", "", "",0
				P: "RotationMaxY", "bool", "", "",0
				P: "RotationMaxZ", "bool", "", "",0
				P: "InheritType", "enum", "", "",0
				P: "ScalingActive", "bool", "", "",0
				P: "ScalingMin", "Vector3D", "Vector", "",0,0,0
				P: "ScalingMax", "Vector3D", "Vector", "",1,1,1
				P: "ScalingMinX", "bool", "", "",0
				P: "ScalingMinY", "bool", "", "",0
				P: "ScalingMinZ", "bool", "", "",0
				P: "ScalingMaxX", "bool", "", "",0
				P: "ScalingMaxY", "bool", "", "",0
				P: "ScalingMaxZ", "bool", "", "",0
				P: "GeometricTranslation", "Vector3D", "Vector", "",0,0,0
				P: "GeometricRotation", "Vector3D", "Vector", "",0,0,0
				P: "GeometricScaling", "Vector3D", "Vector", "",1,1,1
				P: "MinDampRangeX", "double", "Number", "",0
				P: "MinDampRangeY", "double", "Number", "",0
				P: "MinDampRangeZ", "double", "Number", "",0
				P: "MaxDampRangeX", "double", "Number", "",0
				P: "MaxDampRangeY", "double", "Number", "",0
				P: "MaxDampRangeZ", "double", "Number", "",0
				P: "MinDampStrengthX", "double", "Number", "",0
				P: "MinDampStrengthY", "double", "Number", "",0
				P: "MinDampStrengthZ", "double", "Number", "",0
				P: "MaxDampStrengthX", "double", "Number", "",0
				P: "MaxDampStrengthY", "double", "Number", "",0
				P: "MaxDampStrengthZ", "double", "Number", "",0
				P: "PreferedAngleX", "double", "Number", "",0
				P: "PreferedAngleY", "double", "Number", "",0
				P: "PreferedAngleZ", "double", "Number", "",0
				P: "LookAtProperty", "object", "", ""
				P: "UpVectorProperty", "object", "", ""
				P: "Show", "bool", "", "",1
				P: "NegativePercentShapeSupport", "bool", "", "",1
				P: "DefaultAttributeIndex", "int", "Integer", "",-1
				P: "Freeze", "bool", "", "",0
				P: "LODBox", "bool", "", "",0
				P: "Lcl Translation", "Lcl Translation", "", "A",0,0,0
				P: "Lcl Rotation", "Lcl Rotation", "", "A",0,0,0
				P: "Lcl Scaling", "Lcl Scaling", "", "A",1,1,1
				P: "Visibility", "Visibility", "", "A",1
				P: "Visibility Inheritance", "Visibility Inheritance", "", "",1
			}
		}
	}
	ObjectType: "Pose" {
		Count: 1
	}
	ObjectType: "AnimationStack" {
		Count: 1
		PropertyTemplate: "FbxAnimStack" {
			Properties70:  {
				P: "Description", "KString", "", "", ""
				P: "LocalStart", "KTime", "Time", "",0
				P: "LocalStop", "KTime", "Time", "",0
				P: "ReferenceStart", "KTime", "Time", "",0
				P: "ReferenceStop", "KTime", "Time", "",0
			}
		}
	}
	ObjectType: "AnimationLayer" {
		Count: 1
		PropertyTemplate: "FbxAnimLayer" {
			Properties70:  {
				P: "Weight", "Number", "", "A",100
				P: "Mute", "bool", "", "",0
				P: "Solo", "bool", "", "",0
				P: "Lock", "bool", "", "",0
				P: "Color", "ColorRGB", "Color", "",0.8,0.8,0.8
				P: "BlendMode", "enum", "", "",0
				P: "RotationAccumulationMode", "enum", "", "",0
				P: "ScaleAccumulationMode", "enum", "", "",0
				P: "BlendModeBypass", "ULongLong", "", "",0
			}
		}
	}
	ObjectType: "AnimationCurveNode" {
		Count: 111
		PropertyTemplate: "FbxAnimCurveNode" {
			Properties70:  {
				P: "d", "Compound", "", ""
			}
		}
	}
	ObjectType: "AnimationCurve" {
		Count: 333
	}
}

; Object properties
;------------------------------------------------------------------

Objects:  {
	NodeAttribute: 2391287300048, "NodeAttribute::toes_r", "LimbNode" {
		TypeFlags: "Skeleton"
	}
	NodeAttribute: 2391287300240, "NodeAttribute::ball_r", "LimbNode" {
		TypeFlags: "Skeleton"
	}
	NodeAttribute: 2391287524768, "NodeAttribute::foot_r", "LimbNode" {
		TypeFlags: "Skeleton"
	}
	NodeAttribute: 2391287524960, "NodeAttribute::calf_r", "LimbNode" {
		TypeFlags: "Skeleton"
	}
	NodeAttribute: 2391287504096, "NodeAttribute::thigh_r", "LimbNode" {
		TypeFlags: "Skeleton"
	}
	NodeAttribute: 2391287504288, "NodeAttribute::toes_l", "LimbNode" {
		TypeFlags: "Skeleton"
	}
	NodeAttribute: 2391287505024, "NodeAttribute::ball_l", "LimbNode" {
		TypeFlags: "Skeleton"
	}
	NodeAttribute: 2391287505216, "NodeAttribute::foot_l", "LimbNode" {
		TypeFlags: "Skeleton"
	}
	NodeAttribute: 2391287505408, "NodeAttribute::calf_l", "LimbNode" {
		TypeFlags: "Skeleton"
	}
	NodeAttribute: 2391287505600, "NodeAttribute::thigh_l", "LimbNode" {
		TypeFlags: "Skeleton"
	}
	NodeAttribute: 2391288689136, "NodeAttribute::eyebrows", "LimbNode" {
		TypeFlags: "Skeleton"
	}
	NodeAttribute: 2391288689520, "NodeAttribute::eyes", "LimbNode" {
		TypeFlags: "Skeleton"
	}
	NodeAttribute: 2391288687024, "NodeAttribute::head", "LimbNode" {
		TypeFlags: "Skeleton"
	}
	NodeAttribute: 2391288690480, "NodeAttribute::neck_01", "LimbNode" {
		TypeFlags: "Skeleton"
	}
	NodeAttribute: 2391288688560, "NodeAttribute::middle_02_r", "LimbNode" {
		TypeFlags: "Skeleton"
	}
	NodeAttribute: 2391288689712, "NodeAttribute::middle_01_r", "LimbNode" {
		TypeFlags: "Skeleton"
	}
	NodeAttribute: 2391288689328, "NodeAttribute::thumb_03_r", "LimbNode" {
		TypeFlags: "Skeleton"
	}
	NodeAttribute: 2391288688368, "NodeAttribute::thumb_02_r", "LimbNode" {
		TypeFlags: "Skeleton"
	}
	NodeAttribute: 2391288687408, "NodeAttribute::thumb_01_r", "LimbNode" {
		TypeFlags: "Skeleton"
	}
	NodeAttribute: 2391288687600, "NodeAttribute::hand_r", "LimbNode" {
		TypeFlags: "Skeleton"
	}
	NodeAttribute: 2391288687792, "NodeAttribute::lowerarm_r", "LimbNode" {
		TypeFlags: "Skeleton"
	}
	NodeAttribute: 2391288688176, "NodeAttribute::upperarm_r", "LimbNode" {
		TypeFlags: "Skeleton"
	}
	NodeAttribute: 2391288687984, "NodeAttribute::clavicle_r", "LimbNode" {
		TypeFlags: "Skeleton"
	}
	NodeAttribute: 2391288690096, "NodeAttribute::middle_02_l", "LimbNode" {
		TypeFlags: "Skeleton"
	}
	NodeAttribute: 2391288686832, "NodeAttribute::middle_01_l", "LimbNode" {
		TypeFlags: "Skeleton"
	}
	NodeAttribute: 2391288688752, "NodeAttribute::thumb_03_l", "LimbNode" {
		TypeFlags: "Skeleton"
	}
	NodeAttribute: 2391288688944, "NodeAttribute::thumb_02_l", "LimbNode" {
		TypeFlags: "Skeleton"
	}
	NodeAttribute: 2391288689904, "NodeAttribute::thumb_01_l", "LimbNode" {
		TypeFlags: "Skeleton"
	}
	NodeAttribute: 2391288690288, "NodeAttribute::hand_l", "LimbNode" {
		TypeFlags: "Skeleton"
	}
	NodeAttribute: 2391288687216, "NodeAttribute::lowerarm_l", "LimbNode" {
		TypeFlags: "Skeleton"
	}
	NodeAttribute: 2391288736448, "NodeAttribute::upperarm_l", "LimbNode" {
		TypeFlags: "Skeleton"
	}
	NodeAttribute: 2391288734912, "NodeAttribute::clavicle_l", "LimbNode" {
		TypeFlags: "Skeleton"
	}
	NodeAttribute: 2391288738752, "NodeAttribute::spine_03", "LimbNode" {
		TypeFlags: "Skeleton"
	}
	NodeAttribute: 2391288737408, "NodeAttribute::spine_02", "LimbNode" {
		TypeFlags: "Skeleton"
	}
	NodeAttribute: 2391288735488, "NodeAttribute::spine_01", "LimbNode" {
		TypeFlags: "Skeleton"
	}
	NodeAttribute: 2391288736064, "NodeAttribute::pelvis", "LimbNode" {
		TypeFlags: "Skeleton"
	}
	NodeAttribute: 2391288739520, "NodeAttribute::root", "LimbNode" {
		TypeFlags: "Skeleton"
	}
	Model: 2391287468912, "Model::toes_r", "LimbNode" {
		Version: 232
		Properties70:  {
			P: "RotationActive", "bool", "", "",1
			P: "InheritType", "enum", "", "",1
			P: "ScalingMax", "Vector3D", "Vector", "",0,0,0
			P: "DefaultAttributeIndex", "int", "Integer", "",0
			P: "Lcl Translation", "Lcl Translation", "", "A+",-5.88894987106323,0,0
			P: "Lcl Rotation", "Lcl Rotation", "", "A+",-0,90,0
		}
		Shading: Y
		Culling: "CullingOff"
	}
	Model: 2391288749328, "Model::ball_r", "LimbNode" {
		Version: 232
		Properties70:  {
			P: "RotationActive", "bool", "", "",1
			P: "InheritType", "enum", "", "",1
			P: "ScalingMax", "Vector3D", "Vector", "",0,0,0
			P: "DefaultAttributeIndex", "int", "Integer", "",0
			P: "Lcl Translation", "Lcl Translation", "", "A+",-9.23282623291016,3.78234720230103,-3.814697265625e-06
			P: "Lcl Rotation", "Lcl Rotation", "", "A+",1.17277231765911e-05,-6.22091392870061e-05,21.5135288238525
		}
		Shading: Y
		Culling: "CullingOff"
	}
	Model: 2391288751328, "Model::foot_r", "LimbNode" {
		Version: 232
		Properties70:  {
			P: "RotationActive", "bool", "", "",1
			P: "InheritType", "enum", "", "",1
			P: "ScalingMax", "Vector3D", "Vector", "",0,0,0
			P: "DefaultAttributeIndex", "int", "Integer", "",0
			P: "Lcl Translation", "Lcl Translation", "", "A+",-21.582763671875,0.235743522644043,6.866455078125e-05
			P: "Lcl Rotation", "Lcl Rotation", "", "A+",163.5751953125,-2.52626037597656,-120.647621154785
		}
		Shading: Y
		Culling: "CullingOff"
	}
	Model: 2391288753328, "Model::calf_r", "LimbNode" {
		Version: 232
		Properties70:  {
			P: "RotationActive", "bool", "", "",1
			P: "InheritType", "enum", "", "",1
			P: "ScalingMax", "Vector3D", "Vector", "",0,0,0
			P: "DefaultAttributeIndex", "int", "Integer", "",0
			P: "Lcl Translation", "Lcl Translation", "", "A+",-18.5321044921875,-4.1961669921875e-05,-9.17911529541016e-06
			P: "Lcl Rotation", "Lcl Rotation", "", "A+",-84.3559341430664,37.5180816650391,-27.2266693115234
		}
		Shading: Y
		Culling: "CullingOff"
	}
	Model: 2391288755328, "Model::thigh_r", "LimbNode" {
		Version: 232
		Properties70:  {
			P: "RotationActive", "bool", "", "",1
			P: "InheritType", "enum", "", "",1
			P: "ScalingMax", "Vector3D", "Vector", "",0,0,0
			P: "DefaultAttributeIndex", "int", "Integer", "",0
			P: "Lcl Translation", "Lcl Translation", "", "A+",-14.9536972045898,-6.21219635009766,-1.9073486328125e-06
			P: "Lcl Rotation", "Lcl Rotation", "", "A+",163.638519287109,-13.7248334884644,51.8490104675293
		}
		Shading: Y
		Culling: "CullingOff"
	}
	Model: 2391288858256, "Model::toes_l", "LimbNode" {
		Version: 232
		Properties70:  {
			P: "RotationActive", "bool", "", "",1
			P: "InheritType", "enum", "", "",1
			P: "ScalingMax", "Vector3D", "Vector", "",0,0,0
			P: "DefaultAttributeIndex", "int", "Integer", "",0
			P: "Lcl Translation", "Lcl Translation", "", "A+",5.88895130157471,-0,-0
			P: "Lcl Rotation", "Lcl Rotation", "", "A+",9.09494701772928e-13,90,0
		}
		Shading: Y
		Culling: "CullingOff"
	}
	Model: 2391288860256, "Model::ball_l", "LimbNode" {
		Version: 232
		Properties70:  {
			P: "RotationActive", "bool", "", "",1
			P: "InheritType", "enum", "", "",1
			P: "ScalingMax", "Vector3D", "Vector", "",0,0,0
			P: "DefaultAttributeIndex", "int", "Integer", "",0
			P: "Lcl Translation", "Lcl Translation", "", "A+",9.23283004760742,-3.78235054016113,-1.9073486328125e-06
			P: "Lcl Rotation", "Lcl Rotation", "", "A+",-7.8385642154899e-07,-2.14866195165087e-05,21.5135478973389
		}
		Shading: Y
		Culling: "CullingOff"
	}
	Model: 2391288862256, "Model::foot_l", "LimbNode" {
		Version: 232
		Properties70:  {
			P: "RotationActive", "bool", "", "",1
			P: "InheritType", "enum", "", "",1
			P: "ScalingMax", "Vector3D", "Vector", "",0,0,0
			P: "DefaultAttributeIndex", "int", "Integer", "",0
			P: "Lcl Translation", "Lcl Translation", "", "A+",21.8088703155518,-0.220355987548828,-0.0680522918701172
			P: "Lcl Rotation", "Lcl Rotation", "", "A+",165.378616333008,-5.699951171875,-66.9176483154297
		}
		Shading: Y
		Culling: "CullingOff"
	}
	Model: 2391288892992, "Model::calf_l", "LimbNode" {
		Version: 232
		Properties70:  {
			P: "RotationActive", "bool", "", "",1
			P: "InheritType", "enum", "", "",1
			P: "ScalingMax", "Vector3D", "Vector", "",0,0,0
			P: "DefaultAttributeIndex", "int", "Integer", "",0
			P: "Lcl Translation", "Lcl Translation", "", "A+",18.5320835113525,2.86102294921875e-06,0
			P: "Lcl Rotation", "Lcl Rotation", "", "A+",-52.4582443237305,65.7437133789063,8.58767032623291
		}
		Shading: Y
		Culling: "CullingOff"
	}
	Model: 2391288886992, "Model::thigh_l", "LimbNode" {
		Version: 232
		Properties70:  {
			P: "RotationActive", "bool", "", "",1
			P: "InheritType", "enum", "", "",1
			P: "ScalingMax", "Vector3D", "Vector", "",0,0,0
			P: "DefaultAttributeIndex", "int", "Integer", "",0
			P: "Lcl Translation", "Lcl Translation", "", "A+",14.9537000656128,-6.21219635009766,-4.76837158203125e-06
			P: "Lcl Rotation", "Lcl Rotation", "", "A+",21.2080078125,-85.8318710327148,-106.214630126953
		}
		Shading: Y
		Culling: "CullingOff"
	}
	Model: 2391288890992, "Model::eyebrows", "LimbNode" {
		Version: 232
		Properties70:  {
			P: "RotationActive", "bool", "", "",1
			P: "InheritType", "enum", "", "",1
			P: "ScalingMax", "Vector3D", "Vector", "",0,0,0
			P: "DefaultAttributeIndex", "int", "Integer", "",0
			P: "Lcl Translation", "Lcl Translation", "", "A+",49.2088356018066,4.74971103668213,0
			P: "Lcl Rotation", "Lcl Rotation", "", "A+",43.7474822998047,89.9999923706055,0
		}
		Shading: Y
		Culling: "CullingOff"
	}
	Model: 2391288894992, "Model::eyes", "LimbNode" {
		Version: 232
		Properties70:  {
			P: "RotationActive", "bool", "", "",1
			P: "InheritType", "enum", "", "",1
			P: "ScalingMax", "Vector3D", "Vector", "",0,0,0
			P: "DefaultAttributeIndex", "int", "Integer", "",0
			P: "Lcl Translation", "Lcl Translation", "", "A+",44.6623764038086,-0,-0
			P: "Lcl Rotation", "Lcl Rotation", "", "A+",43.7474822998047,89.9999923706055,0
		}
		Shading: Y
		Culling: "CullingOff"
	}
	Model: 2391288888992, "Model::head", "LimbNode" {
		Version: 232
		Properties70:  {
			P: "RotationActive", "bool", "", "",1
			P: "InheritType", "enum", "", "",1
			P: "ScalingMax", "Vector3D", "Vector", "",0,0,0
			P: "DefaultAttributeIndex", "int", "Integer", "",0
			P: "Lcl Translation", "Lcl Translation", "", "A+",6.99295997619629,0,0
			P: "Lcl Rotation", "Lcl Rotation", "", "A+",-7.01670912670559e-15,7.01670912670559e-15,-26.2204895019531
		}
		Shading: Y
		Culling: "CullingOff"
	}
	Model: 2391288898992, "Model::neck_01", "LimbNode" {
		Version: 232
		Properties70:  {
			P: "RotationActive", "bool", "", "",1
			P: "InheritType", "enum", "", "",1
			P: "ScalingMax", "Vector3D", "Vector", "",0,0,0
			P: "DefaultAttributeIndex", "int", "Integer", "",0
			P: "Lcl Translation", "Lcl Translation", "", "A+",19.0081939697266,-1.37090682983398e-05,-1.62124633789063e-05
			P: "Lcl Rotation", "Lcl Rotation", "", "A+",-179.266799926758,1.70092666149139,41.4891700744629
		}
		Shading: Y
		Culling: "CullingOff"
	}
	Model: 2391288896992, "Model::middle_02_r", "LimbNode" {
		Version: 232
		Properties70:  {
			P: "RotationActive", "bool", "", "",1
			P: "InheritType", "enum", "", "",1
			P: "ScalingMax", "Vector3D", "Vector", "",0,0,0
			P: "DefaultAttributeIndex", "int", "Integer", "",0
			P: "Lcl Translation", "Lcl Translation", "", "A+",-7.30101013183594,-7.62939453125e-05,-1.52587890625e-05
			P: "Lcl Rotation", "Lcl Rotation", "", "A+",1.62384033203125,-7.69557189941406,-57.7071533203125
		}
		Shading: Y
		Culling: "CullingOff"
	}
	Model: 2391288900992, "Model::middle_01_r", "LimbNode" {
		Version: 232
		Properties70:  {
			P: "RotationActive", "bool", "", "",1
			P: "InheritType", "enum", "", "",1
			P: "ScalingMax", "Vector3D", "Vector", "",0,0,0
			P: "DefaultAttributeIndex", "int", "Integer", "",0
			P: "Lcl Translation", "Lcl Translation", "", "A+",-7.77135467529297,1.6695671081543,11.4856796264648
			P: "Lcl Rotation", "Lcl Rotation", "", "A+",-63.4436645507813,20.1435241699219,-42.3470764160156
		}
		Shading: Y
		Culling: "CullingOff"
	}
	Model: 2391288921392, "Model::thumb_03_r", "LimbNode" {
		Version: 232
		Properties70:  {
			P: "RotationActive", "bool", "", "",1
			P: "InheritType", "enum", "", "",1
			P: "ScalingMax", "Vector3D", "Vector", "",0,0,0
			P: "DefaultAttributeIndex", "int", "Integer", "",0
			P: "Lcl Translation", "Lcl Translation", "", "A+",-7.90314483642578,-7.62939453125e-06,2.288818359375e-05
			P: "Lcl Rotation", "Lcl Rotation", "", "A+",27.3305721282959,34.7540130615234,24.155237197876
		}
		Shading: Y
		Culling: "CullingOff"
	}
	Model: 2391288913392, "Model::thumb_02_r", "LimbNode" {
		Version: 232
		Properties70:  {
			P: "RotationActive", "bool", "", "",1
			P: "InheritType", "enum", "", "",1
			P: "ScalingMax", "Vector3D", "Vector", "",0,0,0
			P: "DefaultAttributeIndex", "int", "Integer", "",0
			P: "Lcl Translation", "Lcl Translation", "", "A+",-7.66438293457031,-3.814697265625e-05,3.814697265625e-06
			P: "Lcl Rotation", "Lcl Rotation", "", "A+",-4.49156188964844,9.94136047363281,-13.74951171875
		}
		Shading: Y
		Culling: "CullingOff"
	}
	Model: 2391288923392, "Model::thumb_01_r", "LimbNode" {
		Version: 232
		Properties70:  {
			P: "RotationActive", "bool", "", "",1
			P: "InheritType", "enum", "", "",1
			P: "ScalingMax", "Vector3D", "Vector", "",0,0,0
			P: "DefaultAttributeIndex", "int", "Integer", "",0
			P: "Lcl Translation", "Lcl Translation", "", "A+",-7.48195648193359,-0.282691955566406,-6.21417236328125
			P: "Lcl Rotation", "Lcl Rotation", "", "A+",-21.2193756103516,25.9706420898438,-16.0610961914063
		}
		Shading: Y
		Culling: "CullingOff"
	}
	Model: 2391288911392, "Model::hand_r", "LimbNode" {
		Version: 232
		Properties70:  {
			P: "RotationActive", "bool", "", "",1
			P: "InheritType", "enum", "", "",1
			P: "ScalingMax", "Vector3D", "Vector", "",0,0,0
			P: "DefaultAttributeIndex", "int", "Integer", "",0
			P: "Lcl Translation", "Lcl Translation", "", "A+",-26.7537536621094,1.24494874477386,0
			P: "Lcl Rotation", "Lcl Rotation", "", "A+",15.4562835693359,-49.2965698242188,-15.8974609375
		}
		Shading: Y
		Culling: "CullingOff"
	}
	Model: 2391288915392, "Model::lowerarm_r", "LimbNode" {
		Version: 232
		Properties70:  {
			P: "RotationActive", "bool", "", "",1
			P: "InheritType", "enum", "", "",1
			P: "ScalingMax", "Vector3D", "Vector", "",0,0,0
			P: "DefaultAttributeIndex", "int", "Integer", "",0
			P: "Lcl Translation", "Lcl Translation", "", "A+",-26.7572326660156,-1.16737747192383,-7.62939453125e-06
			P: "Lcl Rotation", "Lcl Rotation", "", "A+",-4.14421415328979,-61.2071762084961,7.61433172225952
		}
		Shading: Y
		Culling: "CullingOff"
	}
	Model: 2391288929392, "Model::upperarm_r", "LimbNode" {
		Version: 232
		Properties70:  {
			P: "RotationActive", "bool", "", "",1
			P: "InheritType", "enum", "", "",1
			P: "ScalingMax", "Vector3D", "Vector", "",0,0,0
			P: "DefaultAttributeIndex", "int", "Integer", "",0
			P: "Lcl Translation", "Lcl Translation", "", "A+",-12.6666994094849,1.52587890625e-05,3.814697265625e-06
			P: "Lcl Rotation", "Lcl Rotation", "", "A+",-18.8215026855469,-35.7415466308594,-56.6298141479492
		}
		Shading: Y
		Culling: "CullingOff"
	}
	Model: 2391288919392, "Model::clavicle_r", "LimbNode" {
		Version: 232
		Properties70:  {
			P: "RotationActive", "bool", "", "",1
			P: "InheritType", "enum", "", "",1
			P: "ScalingMax", "Vector3D", "Vector", "",0,0,0
			P: "DefaultAttributeIndex", "int", "Integer", "",0
			P: "Lcl Translation", "Lcl Translation", "", "A+",9.40375518798828,-4.61667823791504,-16.2680931091309
			P: "Lcl Rotation", "Lcl Rotation", "", "A+",-8.40544986724854,-59.6279830932617,67.0892562866211
		}
		Shading: Y
		Culling: "CullingOff"
	}
	Model: 2391288917392, "Model::middle_02_l", "LimbNode" {
		Version: 232
		Properties70:  {
			P: "RotationActive", "bool", "", "",1
			P: "InheritType", "enum", "", "",1
			P: "ScalingMax", "Vector3D", "Vector", "",0,0,0
			P: "DefaultAttributeIndex", "int", "Integer", "",0
			P: "Lcl Translation", "Lcl Translation", "", "A+",7.30090761184692,0,-9.5367431640625e-07
			P: "Lcl Rotation", "Lcl Rotation", "", "A+",-3.96871382690733e-06,-0.314516246318817,19.484827041626
		}
		Shading: Y
		Culling: "CullingOff"
	}
	Model: 2391288907392, "Model::middle_01_l", "LimbNode" {
		Version: 232
		Properties70:  {
			P: "RotationActive", "bool", "", "",1
			P: "InheritType", "enum", "", "",1
			P: "ScalingMax", "Vector3D", "Vector", "",0,0,0
			P: "DefaultAttributeIndex", "int", "Integer", "",0
			P: "Lcl Translation", "Lcl Translation", "", "A+",8.70862674713135,1.99650573730469,-11.0553207397461
			P: "Lcl Rotation", "Lcl Rotation", "", "A+",-22.6557464599609,47.4308624267578,-16.6307678222656
		}
		Shading: Y
		Culling: "CullingOff"
	}
	Model: 2391288925392, "Model::thumb_03_l", "LimbNode" {
		Version: 232
		Properties70:  {
			P: "RotationActive", "bool", "", "",1
			P: "InheritType", "enum", "", "",1
			P: "ScalingMax", "Vector3D", "Vector", "",0,0,0
			P: "DefaultAttributeIndex", "int", "Integer", "",0
			P: "Lcl Translation", "Lcl Translation", "", "A+",7.90308856964111,7.62939453125e-06,2.14576721191406e-06
			P: "Lcl Rotation", "Lcl Rotation", "", "A+",1.19528313007322e-05,24.4663410186768,24.0754127502441
		}
		Shading: Y
		Culling: "CullingOff"
	}
	Model: 2391288927392, "Model::thumb_02_l", "LimbNode" {
		Version: 232
		Properties70:  {
			P: "RotationActive", "bool", "", "",1
			P: "InheritType", "enum", "", "",1
			P: "ScalingMax", "Vector3D", "Vector", "",0,0,0
			P: "DefaultAttributeIndex", "int", "Integer", "",0
			P: "Lcl Translation", "Lcl Translation", "", "A+",7.66438865661621,-7.62939453125e-06,1.9073486328125e-06
			P: "Lcl Rotation", "Lcl Rotation", "", "A+",-4.49156188964844,9.94132995605469,-13.74951171875
		}
		Shading: Y
		Culling: "CullingOff"
	}
	Model: 2391288931392, "Model::thumb_01_l", "LimbNode" {
		Version: 232
		Properties70:  {
			P: "RotationActive", "bool", "", "",1
			P: "InheritType", "enum", "", "",1
			P: "ScalingMax", "Vector3D", "Vector", "",0,0,0
			P: "DefaultAttributeIndex", "int", "Integer", "",0
			P: "Lcl Translation", "Lcl Translation", "", "A+",9.761794090271,0,2.09808349609375e-05
			P: "Lcl Rotation", "Lcl Rotation", "", "A+",-2.99010896682739,15.4096527099609,1.79097104072571
		}
		Shading: Y
		Culling: "CullingOff"
	}
	Model: 2391288933392, "Model::hand_l", "LimbNode" {
		Version: 232
		Properties70:  {
			P: "RotationActive", "bool", "", "",1
			P: "InheritType", "enum", "", "",1
			P: "ScalingMax", "Vector3D", "Vector", "",0,0,0
			P: "DefaultAttributeIndex", "int", "Integer", "",0
			P: "Lcl Translation", "Lcl Translation", "", "A+",26.7537384033203,-1.24495184421539,-1.60977506880045e-07
			P: "Lcl Rotation", "Lcl Rotation", "", "A+",15.4562835693359,-49.2965698242188,-15.8974609375
		}
		Shading: Y
		Culling: "CullingOff"
	}
	Model: 2391288903392, "Model::lowerarm_l", "LimbNode" {
		Version: 232
		Properties70:  {
			P: "RotationActive", "bool", "", "",1
			P: "InheritType", "enum", "", "",1
			P: "ScalingMax", "Vector3D", "Vector", "",0,0,0
			P: "DefaultAttributeIndex", "int", "Integer", "",0
			P: "Lcl Translation", "Lcl Translation", "", "A+",26.7573108673096,1.1673583984375,5.340576171875e-05
			P: "Lcl Rotation", "Lcl Rotation", "", "A+",-4.74625539779663,-66.0318069458008,8.48291301727295
		}
		Shading: Y
		Culling: "CullingOff"
	}
	Model: 2391288905392, "Model::upperarm_l", "LimbNode" {
		Version: 232
		Properties70:  {
			P: "RotationActive", "bool", "", "",1
			P: "InheritType", "enum", "", "",1
			P: "ScalingMax", "Vector3D", "Vector", "",0,0,0
			P: "DefaultAttributeIndex", "int", "Integer", "",0
			P: "Lcl Translation", "Lcl Translation", "", "A+",12.6667261123657,-7.62939453125e-06,3.48091125488281e-05
			P: "Lcl Rotation", "Lcl Rotation", "", "A+",60.3650817871094,-51.8012237548828,-39.2638244628906
		}
		Shading: Y
		Culling: "CullingOff"
	}
	Model: 2391288909392, "Model::clavicle_l", "LimbNode" {
		Version: 232
		Properties70:  {
			P: "RotationActive", "bool", "", "",1
			P: "InheritType", "enum", "", "",1
			P: "ScalingMax", "Vector3D", "Vector", "",0,0,0
			P: "DefaultAttributeIndex", "int", "Integer", "",0
			P: "Lcl Translation", "Lcl Translation", "", "A+",12.0873260498047,-10.6190633773804,17.3331260681152
			P: "Lcl Rotation", "Lcl Rotation", "", "A+",9.99822998046875,-27.4496612548828,-118.290542602539
		}
		Shading: Y
		Culling: "CullingOff"
	}
	Model: 2391288980608, "Model::spine_03", "LimbNode" {
		Version: 232
		Properties70:  {
			P: "RotationActive", "bool", "", "",1
			P: "InheritType", "enum", "", "",1
			P: "ScalingMax", "Vector3D", "Vector", "",0,0,0
			P: "DefaultAttributeIndex", "int", "Integer", "",0
			P: "Lcl Translation", "Lcl Translation", "", "A+",15.2340784072876,0,-0
			P: "Lcl Rotation", "Lcl Rotation", "", "A+",90,5.42062759399414,7.71847953728866e-06
		}
		Shading: Y
		Culling: "CullingOff"
	}
	Model: 2391288962608, "Model::spine_02", "LimbNode" {
		Version: 232
		Properties70:  {
			P: "RotationActive", "bool", "", "",1
			P: "InheritType", "enum", "", "",1
			P: "ScalingMax", "Vector3D", "Vector", "",0,0,0
			P: "DefaultAttributeIndex", "int", "Integer", "",0
			P: "Lcl Translation", "Lcl Translation", "", "A+",15.5314636230469,1.09672546386719e-05,-9.5367431640625e-07
			P: "Lcl Rotation", "Lcl Rotation", "", "A+",-18.8460693359375,1.21778869628906,-10.4312591552734
		}
		Shading: Y
		Culling: "CullingOff"
	}
	Model: 2391288956608, "Model::spine_01", "LimbNode" {
		Version: 232
		Properties70:  {
			P: "RotationActive", "bool", "", "",1
			P: "InheritType", "enum", "", "",1
			P: "ScalingMax", "Vector3D", "Vector", "",0,0,0
			P: "DefaultAttributeIndex", "int", "Integer", "",0
			P: "Lcl Translation", "Lcl Translation", "", "A+",-4.76837158203125e-07,9.62166976928711,-2.02618217468262
			P: "Lcl Rotation", "Lcl Rotation", "", "A+",-20.6206607818604,-1.31977844238281,103.225296020508
		}
		Shading: Y
		Culling: "CullingOff"
	}
	Model: 2391288964608, "Model::pelvis", "LimbNode" {
		Version: 232
		Properties70:  {
			P: "RotationActive", "bool", "", "",1
			P: "InheritType", "enum", "", "",1
			P: "ScalingMax", "Vector3D", "Vector", "",0,0,0
			P: "DefaultAttributeIndex", "int", "Integer", "",0
			P: "Lcl Translation", "Lcl Translation", "", "A+",-3.17528080940247,41.9773559570313,3.52840232849121
			P: "Lcl Rotation", "Lcl Rotation", "", "A+",14.9121389389038,18.6360054016113,1.51180255413055
		}
		Shading: Y
		Culling: "CullingOff"
	}
	Model: 2391288952608, "Model::root", "LimbNode" {
		Version: 232
		Properties70:  {
			P: "RotationActive", "bool", "", "",1
			P: "InheritType", "enum", "", "",1
			P: "ScalingMax", "Vector3D", "Vector", "",0,0,0
			P: "DefaultAttributeIndex", "int", "Integer", "",0
		}
		Shading: Y
		Culling: "CullingOff"
	}
	Pose: 2391287525152, "Pose::BindPose", "BindPose" {
		Type: "BindPose"
		Version: 100
		NbPoseNodes: 37
		PoseNode:  {
			Node: 2391287468912
			Matrix: *16 {
				a: 8.32667268468867e-17,5.50232602536394e-18,-1,0,1.30104260698261e-18,1,1.70761842166467e-18,0,1,4.33680868994202e-19,5.55111512312578e-17,0,-5.88894987106323,-8.88178419700125e-16,0,1
			} 
		}
		PoseNode:  {
			Node: 2391288749328
			Matrix: *16 {
				a: 0.93033100285181,0.366720909046056,1.08575430537994e-06,0,-0.366720909046472,0.930331002852258,2.04687383188035e-07,0,-9.35047748555629e-07,-5.88595824354415e-07,0.99999999999939,0,-9.23282623291015,3.78234720230102,-3.81469725851957e-06,1
			} 
		}
		PoseNode:  {
			Node: 2391288751328
			Matrix: *16 {
				a: -0.50926122213585,-0.859482519496183,0.0440772765627985,0,-0.818857287876622,0.499676593572862,0.282481935576001,0,-0.264812669107888,0.107764096599534,-0.958259437607605,0,-21.582763671875,0.235743522644045,6.86645507883554e-05,1
			} 
		}
		PoseNode:  {
			Node: 2391288753328
			Matrix: *16 {
				a: 0.705281711984307,-0.362880658385364,-0.60901176877815,0,-0.493914558076371,0.364730979822815,-0.789315983417107,0,0.508552962886571,0.857489906720362,0.0780060498422786,0,-18.5321044921875,-4.19616699147696e-05,-9.17911529674242e-06,1
			} 
		}
		PoseNode:  {
			Node: 2391288755328
			Matrix: *16 {
				a: 0.600097352357863,0.763931430749659,0.237259218589843,0,0.713253348962519,-0.645277997579209,0.273653002968938,0,0.362150283565863,0.00500748968499728,-0.932106269241989,0,-14.9536972045898,-6.21219635009766,-1.9073486328125e-06,1
			} 
		}
		PoseNode:  {
			Node: 2391288858256
			Matrix: *16 {
				a: 4.85722573273506e-17,1.70761842166467e-18,-1,0,1.58735871669258e-14,1,2.49366499671666e-18,0,1,-1.58748882095328e-14,6.24500451351651e-17,0,5.88895130157471,0,-7.105427357601e-15,1
			} 
		}
		PoseNode:  {
			Node: 2391288860256
			Matrix: *16 {
				a: 0.930330880772635,0.366721218748892,3.75012255686424e-07,0,-0.366721218748914,0.930330880772702,-1.36808754292405e-08,0,-3.5390254944645e-07,-1.24797210575983e-07,0.99999999999993,0,9.23283004760743,-3.78235054016113,-1.90734863636521e-06,1
			} 
		}
		PoseNode:  {
			Node: 2391288862256
			Matrix: *16 {
				a: 0.390115324193535,-0.915393789352643,0.0993189017457545,0,-0.899979222553748,-0.356293138274285,0.251182401036004,0,-0.194544166710092,-0.187375051789907,-0.962830804017926,0,21.8088703155518,-0.220355987548828,-0.0680522918701136,1
			} 
		}
		PoseNode:  {
			Node: 2391288892992
			Matrix: *16 {
				a: 0.406213009989823,0.0613445309768865,-0.911716973097591,0,-0.805792292649952,0.494561224486129,-0.325742193061807,0,0.430917360547173,0.866975226724505,0.250328153880165,0,18.5320835113525,2.86102294921875e-06,0,1
			} 
		}
		PoseNode:  {
			Node: 2391288886992
			Matrix: *16 {
				a: -0.0202958508748179,-0.0697922541294308,0.997355062001893,0,0.995937586346127,0.0861218415489527,0.0262935830815851,0,-0.0877291430501762,0.993837043821445,0.0677608130701786,0,14.9537000656128,-6.21219635009766,-4.76837158203125e-06,1
			} 
		}
		PoseNode:  {
			Node: 2391288890992
			Matrix: *16 {
				a: 1.33158054360649e-07,-1.38777878078145e-17,-0.999999999999991,0,0.691481312883303,0.722394347938281,9.20763063017027e-08,0,0.722394347938275,-0.691481312883309,9.61926258646884e-08,0,49.2088356018066,4.74971103668211,0,1
			} 
		}
		PoseNode:  {
			Node: 2391288894992
			Matrix: *16 {
				a: 1.33158054360649e-07,-1.38777878078145e-17,-0.999999999999991,0,0.691481312883303,0.722394347938281,9.20763063017027e-08,0,0.722394347938275,-0.691481312883309,9.61926258646884e-08,0,44.6623764038086,0,0,1
			} 
		}
		PoseNode:  {
			Node: 2391288888992
			Matrix: *16 {
				a: 0.897100425718788,-0.441826692465689,-5.55111512312578e-17,0,0.441826692465689,0.897100425718787,-1.52655665885959e-16,0,5.55111512312578e-17,2.77555756156289e-17,1,0,6.99295997619629,1.4210854715202e-14,1.77635683940025e-15,1
			} 
		}
		PoseNode:  {
			Node: 2391288898992
			Matrix: *16 {
				a: 0.748750894521939,0.662186569234036,-0.0296824102567946,0,0.662139706335111,-0.749271249651882,-0.0127907677471483,0,-0.0307100512381418,-0.0100768036184526,-0.999477538908097,0,19.0081939697266,-1.37090682983398e-05,-1.62124633771299e-05,1
			} 
		}
		PoseNode:  {
			Node: 2391288896992
			Matrix: *16 {
				a: 0.529435148908028,-0.837715132337024,0.133909596946209,0,0.842961773467313,0.537240011858924,0.0280823455335412,0,-0.0954665992563697,0.0980128905368329,0.990595579293103,0,-7.30101013183592,-7.62939453125e-05,-1.52587890625e-05,1
			} 
		}
		PoseNode:  {
			Node: 2391288900992
			Matrix: *16 {
				a: 0.693870639649811,-0.632416629813387,-0.34437296898485,0,0.073494838429137,0.537926994996164,-0.839781553011658,0,0.716339335899013,0.557390127639407,0.419731106130923,0,-7.77135467529297,1.6695671081543,11.4856796264649,1
			} 
		}
		PoseNode:  {
			Node: 2391288921392
			Matrix: *16 {
				a: 0.749667179527063,0.336210058247864,-0.570054310283596,0,-0.124722375653838,0.917687311429815,0.3772192034507,0,0.649956497737504,-0.211690328484052,0.729892975630751,0,-7.9031448364258,-7.62939454546085e-06,2.28881835973027e-05,1
			} 
		}
		PoseNode:  {
			Node: 2391288913392
			Matrix: *16 {
				a: 0.95675932290327,-0.234108875047285,-0.172640182639417,0,0.22381525519841,0.971574343622055,-0.0771364139420783,0,0.185791091223845,0.0351614766394677,0.981959948766947,0,-7.66438293457033,-3.81469726704609e-05,3.81469727317452e-06,1
			} 
		}
		PoseNode:  {
			Node: 2391288923392
			Matrix: *16 {
				a: 0.863927361385118,-0.248724467557441,-0.437910554209892,0,0.105594241039748,0.93966525946075,-0.3253906212874,0,0.492421943570133,0.234873028253199,0.838066399570932,0,-7.48195648193361,-0.282691955566413,-6.21417236328124,1
			} 
		}
		PoseNode:  {
			Node: 2391288911392
			Matrix: *16 {
				a: 0.627201539868998,-0.178633009071127,0.75809529510224,0,0.0697025721105921,0.982311406115116,0.173798310858624,0,-0.77573177054129,-0.0561653762235954,0.628558406742394,0,-26.7537536621094,1.24494874477386,1.4210854715202e-14,1
			} 
		}
		PoseNode:  {
			Node: 2391288915392
			Matrix: *16 {
				a: 0.477396983974647,0.0638199015323768,0.876367012079019,0,-0.0693837770246403,0.996982629031016,-0.0348070236618702,0,-0.875944068521333,-0.04418888524053,0.480384565992179,0,-26.7572326660156,-1.16737747192383,-7.62939454546085e-06,1
			} 
		}
		PoseNode:  {
			Node: 2391288929392
			Matrix: *16 {
				a: 0.446450632935702,-0.677845165569934,0.584129920364279,0,0.894135724093454,0.363251147299523,-0.261858570387632,0,-0.034686297743993,0.639198353798762,0.768259282566613,0,-12.6666994094849,1.52587890625e-05,3.814697265625e-06,1
			} 
		}
		PoseNode:  {
			Node: 2391288919392
			Matrix: *16 {
				a: 0.196833248777437,0.46572591341082,0.862760711758119,0,-0.862121739549738,0.50128192623131,-0.0739089752977296,0,-0.466907676496599,-0.729257021914417,0.500181384716648,0,9.4037551879883,-4.61667823791504,-16.2680931091309,1
			} 
		}
		PoseNode:  {
			Node: 2391288917392
			Matrix: *16 {
				a: 0.94271565257425,0.333552193511115,0.00548931648101093,0,-0.333557218662885,0.942729856256752,-6.92660797121936e-08,0,-0.00517496564094415,-0.00183093583954875,0.999984933588785,0,7.30090761184692,0,-9.53674313741715e-07,1
			} 
		}
		PoseNode:  {
			Node: 2391288907392
			Matrix: *16 {
				a: 0.648181578167234,-0.193610388676992,-0.736461580206991,0,-0.00769516697586192,0.965422837723069,-0.260575380279778,0,0.761446929293072,0.174567356052273,0.624279434284897,0,8.70862674713134,1.99650573730467,-11.0553207397461,1
			} 
		}
		PoseNode:  {
			Node: 2391288925392
			Matrix: *16 {
				a: 0.831025400647255,0.371307733808097,-0.414158605238821,0,-0.407938620785149,0.913009354646421,1.89883507528688e-07,0,0.378130751395573,0.168951132409407,0.910204729556268,0,7.90308856964112,7.62939454546085e-06,2.14576720836135e-06,1
			} 
		}
		PoseNode:  {
			Node: 2391288927392
			Matrix: *16 {
				a: 0.956759412221841,-0.234108896902593,-0.17263965800467,0,0.223815295106413,0.97157433385699,-0.0771364211431727,0,0.185790583188028,0.0351616009504529,0.98196004043813,0,7.66438865661621,-7.62939453125e-06,1.9073486328125e-06,1
			} 
		}
		PoseNode:  {
			Node: 2391288931392
			Matrix: *16 {
				a: 0.963579711053083,0.0301297173668855,-0.265718536384364,0,-0.0450647558134804,0.997717521728325,-0.0502883149425384,0,0.26359686688261,0.0604313409389544,0.962738149655446,0,9.76179409027099,-1.4210854715202e-14,2.09808349609375e-05,1
			} 
		}
		PoseNode:  {
			Node: 2391288933392
			Matrix: *16 {
				a: 0.627201539868998,-0.178633009071126,0.75809529510224,0,0.069702572110592,0.982311406115117,0.173798310858624,0,-0.775731770541291,-0.0561653762235954,0.628558406742394,0,26.7537384033203,-1.24495184421539,-1.60977500662796e-07,1
			} 
		}
		PoseNode:  {
			Node: 2391288903392
			Matrix: *16 {
				a: 0.401785247724204,0.0599247147109859,0.913771110988965,0,-0.07222754520498,0.996821633945882,-0.033612673370698,0,-0.912881041770977,-0.0524943679290418,0.404836442172475,0,26.7573108673096,1.16735839843751,5.34057617116446e-05,1
			} 
		}
		PoseNode:  {
			Node: 2391288905392
			Matrix: *16 {
				a: 0.478783496287575,-0.391375200490666,0.785870101303986,0,-0.215915454933489,0.815151513575809,0.537502117424604,0,-0.85096820152313,-0.427028643484204,0.305777137210307,0,12.6667261123657,-7.62939453125e-06,3.48091125488281e-05,1
			} 
		}
		PoseNode:  {
			Node: 2391288909392
			Matrix: *16 {
