; FBX 7.5.0 project file
; ----------------------------------------------------

FBXHeaderExtension:  {
	FBXHeaderVersion: 1003
	FBXVersion: 7500
	CreationTimeStamp:  {
		Version: 1000
		Year: 2020
		Month: 8
		Day: 25
		Hour: 19
		Minute: 27
		Second: 25
		Millisecond: 434
	}
	Creator: "FBX SDK/FBX Plugins version 2019.0"
	SceneInfo: "SceneInfo::GlobalInfo", "UserData" {
		Type: "UserData"
		Version: 100
		MetaData:  {
			Version: 100
			Title: ""
			Subject: ""
			Author: ""
			Keywords: ""
			Revision: ""
			Comment: ""
		}
		Properties70:  {
			P: "DocumentUrl", "KString", "Url", "", "C:\Users\Suzamaki\Documents\Unity Projects\Endless Tower Defense\Assets\PolygonMiniFantasyCharacters\Animations\Run.fbx"
			P: "SrcDocumentUrl", "KString", "Url", "", "C:\Users\Suzamaki\Documents\Unity Projects\Endless Tower Defense\Assets\PolygonMiniFantasyCharacters\Animations\Run.fbx"
			P: "Original", "Compound", "", ""
			P: "Original|ApplicationVendor", "KString", "", "", ""
			P: "Original|ApplicationName", "KString", "", "", ""
			P: "Original|ApplicationVersion", "KString", "", "", ""
			P: "Original|DateTime_GMT", "DateTime", "", "", ""
			P: "Original|FileName", "KString", "", "", ""
			P: "LastSaved", "Compound", "", ""
			P: "LastSaved|ApplicationVendor", "KString", "", "", ""
			P: "LastSaved|ApplicationName", "KString", "", "", ""
			P: "LastSaved|ApplicationVersion", "KString", "", "", ""
			P: "LastSaved|DateTime_GMT", "DateTime", "", "", ""
		}
	}
}
GlobalSettings:  {
	Version: 1000
	Properties70:  {
		P: "UpAxis", "int", "Integer", "",1
		P: "UpAxisSign", "int", "Integer", "",1
		P: "FrontAxis", "int", "Integer", "",2
		P: "FrontAxisSign", "int", "Integer", "",1
		P: "CoordAxis", "int", "Integer", "",0
		P: "CoordAxisSign", "int", "Integer", "",1
		P: "OriginalUpAxis", "int", "Integer", "",-1
		P: "OriginalUpAxisSign", "int", "Integer", "",1
		P: "UnitScaleFactor", "double", "Number", "",1
		P: "OriginalUnitScaleFactor", "double", "Number", "",1
		P: "AmbientColor", "ColorRGB", "Color", "",0,0,0
		P: "DefaultCamera", "KString", "", "", "Producer Perspective"
		P: "TimeMode", "enum", "", "",0
		P: "TimeProtocol", "enum", "", "",2
		P: "SnapOnFrameMode", "enum", "", "",0
		P: "TimeSpanStart", "KTime", "Time", "",0
		P: "TimeSpanStop", "KTime", "Time", "",46186158000
		P: "CustomFrameRate", "double", "Number", "",-1
		P: "TimeMarker", "Compound", "", ""
		P: "CurrentTimeMarker", "int", "Integer", "",-1
	}
}

; Documents Description
;------------------------------------------------------------------

Documents:  {
	Count: 1
	Document: 1970353344896, "myScene", "Scene" {
		Properties70:  {
			P: "SourceObject", "object", "", ""
			P: "ActiveAnimStackName", "KString", "", "", ""
		}
		RootNode: 0
	}
}

; Document References
;------------------------------------------------------------------

References:  {
}

; Object definitions
;------------------------------------------------------------------

Definitions:  {
	Version: 100
	Count: 522
	ObjectType: "GlobalSettings" {
		Count: 1
	}
	ObjectType: "NodeAttribute" {
		Count: 37
		PropertyTemplate: "FbxSkeleton" {
			Properties70:  {
				P: "Color", "ColorRGB", "Color", "",0.8,0.8,0.8
				P: "Size", "double", "Number", "",100
				P: "LimbLength", "double", "Number", "H",1
			}
		}
	}
	ObjectType: "Model" {
		Count: 37
		PropertyTemplate: "FbxNode" {
			Properties70:  {
				P: "QuaternionInterpolate", "enum", "", "",0
				P: "RotationOffset", "Vector3D", "Vector", "",0,0,0
				P: "RotationPivot", "Vector3D", "Vector", "",0,0,0
				P: "ScalingOffset", "Vector3D", "Vector", "",0,0,0
				P: "ScalingPivot", "Vector3D", "Vector", "",0,0,0
				P: "TranslationActive", "bool", "", "",0
				P: "TranslationMin", "Vector3D", "Vector", "",0,0,0
				P: "TranslationMax", "Vector3D", "Vector", "",0,0,0
				P: "TranslationMinX", "bool", "", "",0
				P: "TranslationMinY", "bool", "", "",0
				P: "TranslationMinZ", "bool", "", "",0
				P: "TranslationMaxX", "bool", "", "",0
				P: "TranslationMaxY", "bool", "", "",0
				P: "TranslationMaxZ", "bool", "", "",0
				P: "RotationOrder", "enum", "", "",0
				P: "RotationSpaceForLimitOnly", "bool", "", "",0
				P: "RotationStiffnessX", "double", "Number", "",0
				P: "RotationStiffnessY", "double", "Number", "",0
				P: "RotationStiffnessZ", "double", "Number", "",0
				P: "AxisLen", "double", "Number", "",10
				P: "PreRotation", "Vector3D", "Vector", "",0,0,0
				P: "PostRotation", "Vector3D", "Vector", "",0,0,0
				P: "RotationActive", "bool", "", "",0
				P: "RotationMin", "Vector3D", "Vector", "",0,0,0
				P: "RotationMax", "Vector3D", "Vector", "",0,0,0
				P: "RotationMinX", "bool", "", "",0
				P: "RotationMinY", "bool", "", "",0
				P: "RotationMinZ", "bool", "", "",0
				P: "RotationMaxX", "bool", "", "",0
				P: "RotationMaxY", "bool", "", "",0
				P: "RotationMaxZ", "bool", "", "",0
				P: "InheritType", "enum", "", "",0
				P: "ScalingActive", "bool", "", "",0
				P: "ScalingMin", "Vector3D", "Vector", "",0,0,0
				P: "ScalingMax", "Vector3D", "Vector", "",1,1,1
				P: "ScalingMinX", "bool", "", "",0
				P: "ScalingMinY", "bool", "", "",0
				P: "ScalingMinZ", "bool", "", "",0
				P: "ScalingMaxX", "bool", "", "",0
				P: "ScalingMaxY", "bool", "", "",0
				P: "ScalingMaxZ", "bool", "", "",0
				P: "GeometricTranslation", "Vector3D", "Vector", "",0,0,0
				P: "GeometricRotation", "Vector3D", "Vector", "",0,0,0
				P: "GeometricScaling", "Vector3D", "Vector", "",1,1,1
				P: "MinDampRangeX", "double", "Number", "",0
				P: "MinDampRangeY", "double", "Number", "",0
				P: "MinDampRangeZ", "double", "Number", "",0
				P: "MaxDampRangeX", "double", "Number", "",0
				P: "MaxDampRangeY", "double", "Number", "",0
				P: "MaxDampRangeZ", "double", "Number", "",0
				P: "MinDampStrengthX", "double", "Number", "",0
				P: "MinDampStrengthY", "double", "Number", "",0
				P: "MinDampStrengthZ", "double", "Number", "",0
				P: "MaxDampStrengthX", "double", "Number", "",0
				P: "MaxDampStrengthY", "double", "Number", "",0
				P: "MaxDampStrengthZ", "double", "Number", "",0
				P: "PreferedAngleX", "double", "Number", "",0
				P: "PreferedAngleY", "double", "Number", "",0
				P: "PreferedAngleZ", "double", "Number", "",0
				P: "LookAtProperty", "object", "", ""
				P: "UpVectorProperty", "object", "", ""
				P: "Show", "bool", "", "",1
				P: "NegativePercentShapeSupport", "bool", "", "",1
				P: "DefaultAttributeIndex", "int", "Integer", "",-1
				P: "Freeze", "bool", "", "",0
				P: "LODBox", "bool", "", "",0
				P: "Lcl Translation", "Lcl Translation", "", "A",0,0,0
				P: "Lcl Rotation", "Lcl Rotation", "", "A",0,0,0
				P: "Lcl Scaling", "Lcl Scaling", "", "A",1,1,1
				P: "Visibility", "Visibility", "", "A",1
				P: "Visibility Inheritance", "Visibility Inheritance", "", "",1
			}
		}
	}
	ObjectType: "Pose" {
		Count: 1
	}
	ObjectType: "AnimationStack" {
		Count: 1
		PropertyTemplate: "FbxAnimStack" {
			Properties70:  {
				P: "Description", "KString", "", "", ""
				P: "LocalStart", "KTime", "Time", "",0
				P: "LocalStop", "KTime", "Time", "",0
				P: "ReferenceStart", "KTime", "Time", "",0
				P: "ReferenceStop", "KTime", "Time", "",0
			}
		}
	}
	ObjectType: "AnimationLayer" {
		Count: 1
		PropertyTemplate: "FbxAnimLayer" {
			Properties70:  {
				P: "Weight", "Number", "", "A",100
				P: "Mute", "bool", "", "",0
				P: "Solo", "bool", "", "",0
				P: "Lock", "bool", "", "",0
				P: "Color", "ColorRGB", "Color", "",0.8,0.8,0.8
				P: "BlendMode", "enum", "", "",0
				P: "RotationAccumulationMode", "enum", "", "",0
				P: "ScaleAccumulationMode", "enum", "", "",0
				P: "BlendModeBypass", "ULongLong", "", "",0
			}
		}
	}
	ObjectType: "AnimationCurveNode" {
		Count: 111
		PropertyTemplate: "FbxAnimCurveNode" {
			Properties70:  {
				P: "d", "Compound", "", ""
			}
		}
	}
	ObjectType: "AnimationCurve" {
		Count: 333
	}
}

; Object properties
;------------------------------------------------------------------

Objects:  {
	NodeAttribute: 1970353532032, "NodeAttribute::toes_r", "LimbNode" {
		TypeFlags: "Skeleton"
	}
	NodeAttribute: 1970353532224, "NodeAttribute::ball_r", "LimbNode" {
		TypeFlags: "Skeleton"
	}
	NodeAttribute: 1970353532416, "NodeAttribute::foot_r", "LimbNode" {
		TypeFlags: "Skeleton"
	}
	NodeAttribute: 1970353532608, "NodeAttribute::calf_r", "LimbNode" {
		TypeFlags: "Skeleton"
	}
	NodeAttribute: 1970354977024, "NodeAttribute::thigh_r", "LimbNode" {
		TypeFlags: "Skeleton"
	}
	NodeAttribute: 1970354977216, "NodeAttribute::toes_l", "LimbNode" {
		TypeFlags: "Skeleton"
	}
	NodeAttribute: 1970354977952, "NodeAttribute::ball_l", "LimbNode" {
		TypeFlags: "Skeleton"
	}
	NodeAttribute: 1970354978144, "NodeAttribute::foot_l", "LimbNode" {
		TypeFlags: "Skeleton"
	}
	NodeAttribute: 1970354978336, "NodeAttribute::calf_l", "LimbNode" {
		TypeFlags: "Skeleton"
	}
	NodeAttribute: 1970354978528, "NodeAttribute::thigh_l", "LimbNode" {
		TypeFlags: "Skeleton"
	}
	NodeAttribute: 1970354903728, "NodeAttribute::eyebrows", "LimbNode" {
		TypeFlags: "Skeleton"
	}
	NodeAttribute: 1970354901424, "NodeAttribute::eyes", "LimbNode" {
		TypeFlags: "Skeleton"
	}
	NodeAttribute: 1970354902768, "NodeAttribute::head", "LimbNode" {
		TypeFlags: "Skeleton"
	}
	NodeAttribute: 1970354901616, "NodeAttribute::neck_01", "LimbNode" {
		TypeFlags: "Skeleton"
	}
	NodeAttribute: 1970354903536, "NodeAttribute::middle_02_r", "LimbNode" {
		TypeFlags: "Skeleton"
	}
	NodeAttribute: 1970354903920, "NodeAttribute::middle_01_r", "LimbNode" {
		TypeFlags: "Skeleton"
	}
	NodeAttribute: 1970354901808, "NodeAttribute::thumb_03_r", "LimbNode" {
		TypeFlags: "Skeleton"
	}
	NodeAttribute: 1970354904112, "NodeAttribute::thumb_02_r", "LimbNode" {
		TypeFlags: "Skeleton"
	}
	NodeAttribute: 1970354903344, "NodeAttribute::thumb_01_r", "LimbNode" {
		TypeFlags: "Skeleton"
	}
	NodeAttribute: 1970354902000, "NodeAttribute::hand_r", "LimbNode" {
		TypeFlags: "Skeleton"
	}
	NodeAttribute: 1970354904304, "NodeAttribute::lowerarm_r", "LimbNode" {
		TypeFlags: "Skeleton"
	}
	NodeAttribute: 1970354904880, "NodeAttribute::upperarm_r", "LimbNode" {
		TypeFlags: "Skeleton"
	}
	NodeAttribute: 1970354904496, "NodeAttribute::clavicle_r", "LimbNode" {
		TypeFlags: "Skeleton"
	}
	NodeAttribute: 1970354902192, "NodeAttribute::middle_02_l", "LimbNode" {
		TypeFlags: "Skeleton"
	}
	NodeAttribute: 1970354904688, "NodeAttribute::middle_01_l", "LimbNode" {
		TypeFlags: "Skeleton"
	}
	NodeAttribute: 1970354902384, "NodeAttribute::thumb_03_l", "LimbNode" {
		TypeFlags: "Skeleton"
	}
	NodeAttribute: 1970354901232, "NodeAttribute::thumb_02_l", "LimbNode" {
		TypeFlags: "Skeleton"
	}
	NodeAttribute: 1970354902960, "NodeAttribute::thumb_01_l", "LimbNode" {
		TypeFlags: "Skeleton"
	}
	NodeAttribute: 1970354902576, "NodeAttribute::hand_l", "LimbNode" {
		TypeFlags: "Skeleton"
	}
	NodeAttribute: 1970354903152, "NodeAttribute::lowerarm_l", "LimbNode" {
		TypeFlags: "Skeleton"
	}
	NodeAttribute: 1970354906880, "NodeAttribute::upperarm_l", "LimbNode" {
		TypeFlags: "Skeleton"
	}
	NodeAttribute: 1970354907072, "NodeAttribute::clavicle_l", "LimbNode" {
		TypeFlags: "Skeleton"
	}
	NodeAttribute: 1970354906688, "NodeAttribute::spine_03", "LimbNode" {
		TypeFlags: "Skeleton"
	}
	NodeAttribute: 1970354911296, "NodeAttribute::spine_02", "LimbNode" {
		TypeFlags: "Skeleton"
	}
	NodeAttribute: 1970354913216, "NodeAttribute::spine_01", "LimbNode" {
		TypeFlags: "Skeleton"
	}
	NodeAttribute: 1970354906496, "NodeAttribute::pelvis", "LimbNode" {
		TypeFlags: "Skeleton"
	}
	NodeAttribute: 1970354907264, "NodeAttribute::root", "LimbNode" {
		TypeFlags: "Skeleton"
	}
	Model: 1970355044320, "Model::toes_r", "LimbNode" {
		Version: 232
		Properties70:  {
			P: "RotationActive", "bool", "", "",1
			P: "InheritType", "enum", "", "",1
			P: "ScalingMax", "Vector3D", "Vector", "",0,0,0
			P: "DefaultAttributeIndex", "int", "Integer", "",0
			P: "Lcl Translation", "Lcl Translation", "", "A+",-5.88894987106323,0,0
			P: "Lcl Rotation", "Lcl Rotation", "", "A+",-0,90,0
		}
		Shading: Y
		Culling: "CullingOff"
	}
	Model: 1970354913472, "Model::ball_r", "LimbNode" {
		Version: 232
		Properties70:  {
			P: "RotationActive", "bool", "", "",1
			P: "InheritType", "enum", "", "",1
			P: "ScalingMax", "Vector3D", "Vector", "",0,0,0
			P: "DefaultAttributeIndex", "int", "Integer", "",0
			P: "Lcl Translation", "Lcl Translation", "", "A+",-9.23282623291016,3.78234481811523,-3.814697265625e-06
			P: "Lcl Rotation", "Lcl Rotation", "", "A+",1.01009427453391e-05,-5.00391906825826e-05,21.5135459899902
		}
		Shading: Y
		Culling: "CullingOff"
	}
	Model: 1970354915472, "Model::foot_r", "LimbNode" {
		Version: 232
		Properties70:  {
			P: "RotationActive", "bool", "", "",1
			P: "InheritType", "enum", "", "",1
			P: "ScalingMax", "Vector3D", "Vector", "",0,0,0
			P: "DefaultAttributeIndex", "int", "Integer", "",0
			P: "Lcl Translation", "Lcl Translation", "", "A+",-21.5827560424805,0.23573112487793,5.91278076171875e-05
			P: "Lcl Rotation", "Lcl Rotation", "", "A+",-178.44450378418,-16.1735534667969,-100.244972229004
		}
		Shading: Y
		Culling: "CullingOff"
	}
	Model: 1970354917472, "Model::calf_r", "LimbNode" {
		Version: 232
		Properties70:  {
			P: "RotationActive", "bool", "", "",1
			P: "InheritType", "enum", "", "",1
			P: "ScalingMax", "Vector3D", "Vector", "",0,0,0
			P: "DefaultAttributeIndex", "int", "Integer", "",0
			P: "Lcl Translation", "Lcl Translation", "", "A+",-18.5321006774902,-3.91006469726563e-05,-2.14576721191406e-06
			P: "Lcl Rotation", "Lcl Rotation", "", "A+",-73.6200942993164,59.0436744689941,5.24075174331665
		}
		Shading: Y
		Culling: "CullingOff"
	}
	Model: 1970355046320, "Model::thigh_r", "LimbNode" {
		Version: 232
		Properties70:  {
			P: "RotationActive", "bool", "", "",1
			P: "InheritType", "enum", "", "",1
			P: "ScalingMax", "Vector3D", "Vector", "",0,0,0
			P: "DefaultAttributeIndex", "int", "Integer", "",0
			P: "Lcl Translation", "Lcl Translation", "", "A+",-14.9537010192871,-6.21219635009766,-3.33786010742188e-06
			P: "Lcl Rotation", "Lcl Rotation", "", "A+",-178.695053100586,6.38182163238525,95.1030883789063
		}
		Shading: Y
		Culling: "CullingOff"
	}
	Model: 1970355048320, "Model::toes_l", "LimbNode" {
		Version: 232
		Properties70:  {
			P: "RotationActive", "bool", "", "",1
			P: "InheritType", "enum", "", "",1
			P: "ScalingMax", "Vector3D", "Vector", "",0,0,0
			P: "DefaultAttributeIndex", "int", "Integer", "",0
			P: "Lcl Translation", "Lcl Translation", "", "A+",5.88895130157471,-0,-0
			P: "Lcl Rotation", "Lcl Rotation", "", "A+",9.09494701772928e-13,90,0
		}
		Shading: Y
		Culling: "CullingOff"
	}
	Model: 1970355050320, "Model::ball_l", "LimbNode" {
		Version: 232
		Properties70:  {
			P: "RotationActive", "bool", "", "",1
			P: "InheritType", "enum", "", "",1
			P: "ScalingMax", "Vector3D", "Vector", "",0,0,0
			P: "DefaultAttributeIndex", "int", "Integer", "",0
			P: "Lcl Translation", "Lcl Translation", "", "A+",9.23283195495605,-3.78234958648682,-1.9073486328125e-06
			P: "Lcl Rotation", "Lcl Rotation", "", "A+",-7.44341969038942e-06,-2.52854952123016e-05,21.5135345458984
		}
		Shading: Y
		Culling: "CullingOff"
	}
	Model: 1970355052320, "Model::foot_l", "LimbNode" {
		Version: 232
		Properties70:  {
			P: "RotationActive", "bool", "", "",1
			P: "InheritType", "enum", "", "",1
			P: "ScalingMax", "Vector3D", "Vector", "",0,0,0
			P: "DefaultAttributeIndex", "int", "Integer", "",0
			P: "Lcl Translation", "Lcl Translation", "", "A+",21.8238410949707,-0.207698822021484,-0.0158462524414063
			P: "Lcl Rotation", "Lcl Rotation", "", "A+",176.628982543945,-10.5654907226563,-65.5714569091797
		}
		Shading: Y
		Culling: "CullingOff"
	}
	Model: 1970355166992, "Model::calf_l", "LimbNode" {
		Version: 232
		Properties70:  {
			P: "RotationActive", "bool", "", "",1
			P: "InheritType", "enum", "", "",1
			P: "ScalingMax", "Vector3D", "Vector", "",0,0,0
			P: "DefaultAttributeIndex", "int", "Integer", "",0
			P: "Lcl Translation", "Lcl Translation", "", "A+",18.5320911407471,2.86102294921875e-06,1.1444091796875e-05
			P: "Lcl Rotation", "Lcl Rotation", "", "A+",-75.9047393798828,67.7919235229492,2.10955262184143
		}
		Shading: Y
		Culling: "CullingOff"
	}
	Model: 1970355168992, "Model::thigh_l", "LimbNode" {
		Version: 232
		Properties70:  {
			P: "RotationActive", "bool", "", "",1
			P: "InheritType", "enum", "", "",1
			P: "ScalingMax", "Vector3D", "Vector", "",0,0,0
			P: "DefaultAttributeIndex", "int", "Integer", "",0
			P: "Lcl Translation", "Lcl Translation", "", "A+",14.9537048339844,-6.21219635009766,-1.9073486328125e-06
			P: "Lcl Rotation", "Lcl Rotation", "", "A+",-7.14599609375,-71.9793930053711,-82.1974182128906
		}
		Shading: Y
		Culling: "CullingOff"
	}
	Model: 1970355156992, "Model::eyebrows", "LimbNode" {
		Version: 232
		Properties70:  {
			P: "RotationActive", "bool", "", "",1
			P: "InheritType", "enum", "", "",1
			P: "ScalingMax", "Vector3D", "Vector", "",0,0,0
			P: "DefaultAttributeIndex", "int", "Integer", "",0
			P: "Lcl Translation", "Lcl Translation", "", "A+",49.2088356018066,4.74971103668213,0
			P: "Lcl Rotation", "Lcl Rotation", "", "A+",43.7474822998047,89.9999923706055,0
		}
		Shading: Y
		Culling: "CullingOff"
	}
	Model: 1970355158992, "Model::eyes", "LimbNode" {
		Version: 232
		Properties70:  {
			P: "RotationActive", "bool", "", "",1
			P: "InheritType", "enum", "", "",1
			P: "ScalingMax", "Vector3D", "Vector", "",0,0,0
			P: "DefaultAttributeIndex", "int", "Integer", "",0
			P: "Lcl Translation", "Lcl Translation", "", "A+",44.6623764038086,-0,-0
			P: "Lcl Rotation", "Lcl Rotation", "", "A+",43.7474822998047,89.9999923706055,0
		}
		Shading: Y
		Culling: "CullingOff"
	}
	Model: 1970355162992, "Model::head", "LimbNode" {
		Version: 232
		Properties70:  {
			P: "RotationActive", "bool", "", "",1
			P: "InheritType", "enum", "", "",1
			P: "ScalingMax", "Vector3D", "Vector", "",0,0,0
			P: "DefaultAttributeIndex", "int", "Integer", "",0
			P: "Lcl Translation", "Lcl Translation", "", "A+",6.99295997619629,0,0
			P: "Lcl Rotation", "Lcl Rotation", "", "A+",-7.01670912670559e-15,7.01670912670559e-15,-26.2204895019531
		}
		Shading: Y
		Culling: "CullingOff"
	}
	Model: 1970355154992, "Model::neck_01", "LimbNode" {
		Version: 232
		Properties70:  {
			P: "RotationActive", "bool", "", "",1
			P: "InheritType", "enum", "", "",1
			P: "ScalingMax", "Vector3D", "Vector", "",0,0,0
			P: "DefaultAttributeIndex", "int", "Integer", "",0
			P: "Lcl Translation", "Lcl Translation", "", "A+",19.0082015991211,-7.62939453125e-06,-1.47819519042969e-05
			P: "Lcl Rotation", "Lcl Rotation", "", "A+",179.935501098633,0.00525448704138398,33.8495674133301
		}
		Shading: Y
		Culling: "CullingOff"
	}
	Model: 1970355164992, "Model::middle_02_r", "LimbNode" {
		Version: 232
		Properties70:  {
			P: "RotationActive", "bool", "", "",1
			P: "InheritType", "enum", "", "",1
			P: "ScalingMax", "Vector3D", "Vector", "",0,0,0
			P: "DefaultAttributeIndex", "int", "Integer", "",0
			P: "Lcl Translation", "Lcl Translation", "", "A+",-6.90564346313477,-2.28444671630859,-0.631042003631592
			P: "Lcl Rotation", "Lcl Rotation", "", "A+",1.62382507324219,-7.69554138183594,-57.7071990966797
		}
		Shading: Y
		Culling: "CullingOff"
	}
	Model: 1970355160992, "Model::middle_01_r", "LimbNode" {
		Version: 232
		Properties70:  {
			P: "RotationActive", "bool", "", "",1
			P: "InheritType", "enum", "", "",1
			P: "ScalingMax", "Vector3D", "Vector", "",0,0,0
			P: "DefaultAttributeIndex", "int", "Integer", "",0
			P: "Lcl Translation", "Lcl Translation", "", "A+",-8.70853710174561,-1.99648284912109,11.055269241333
			P: "Lcl Rotation", "Lcl Rotation", "", "A+",-45.6860809326172,40.3002471923828,-41.1205902099609
		}
		Shading: Y
		Culling: "CullingOff"
	}
	Model: 1970355181504, "Model::thumb_03_r", "LimbNode" {
		Version: 232
		Properties70:  {
			P: "RotationActive", "bool", "", "",1
			P: "InheritType", "enum", "", "",1
			P: "ScalingMax", "Vector3D", "Vector", "",0,0,0
			P: "DefaultAttributeIndex", "int", "Integer", "",0
			P: "Lcl Translation", "Lcl Translation", "", "A+",-7.1622428894043,-1.28496551513672,-3.08391571044922
			P: "Lcl Rotation", "Lcl Rotation", "", "A+",27.3305988311768,34.754020690918,24.1552276611328
		}
		Shading: Y
		Culling: "CullingOff"
	}
	Model: 1970355179504, "Model::thumb_02_r", "LimbNode" {
		Version: 232
		Properties70:  {
			P: "RotationActive", "bool", "", "",1
			P: "InheritType", "enum", "", "",1
			P: "ScalingMax", "Vector3D", "Vector", "",0,0,0
			P: "DefaultAttributeIndex", "int", "Integer", "",0
			P: "Lcl Translation", "Lcl Translation", "", "A+",-7.04241466522217,-1.73755645751953,-2.47552871704102
			P: "Lcl Rotation", "Lcl Rotation", "", "A+",-4.49154663085938,9.94137573242188,-13.7494964599609
		}
		Shading: Y
		Culling: "CullingOff"
	}
	Model: 1970355193504, "Model::thumb_01_r", "LimbNode" {
		Version: 232
		Properties70:  {
			P: "RotationActive", "bool", "", "",1
			P: "InheritType", "enum", "", "",1
			P: "ScalingMax", "Vector3D", "Vector", "",0,0,0
			P: "DefaultAttributeIndex", "int", "Integer", "",0
			P: "Lcl Translation", "Lcl Translation", "", "A+",-9.76169586181641,-3.0517578125e-05,-7.2479248046875e-05
			P: "Lcl Rotation", "Lcl Rotation", "", "A+",5.828857421875,36.255615234375,-9.74085998535156
		}
		Shading: Y
		Culling: "CullingOff"
	}
	Model: 1970355183504, "Model::hand_r", "LimbNode" {
		Version: 232
		Properties70:  {
			P: "RotationActive", "bool", "", "",1
			P: "InheritType", "enum", "", "",1
			P: "ScalingMax", "Vector3D", "Vector", "",0,0,0
			P: "DefaultAttributeIndex", "int", "Integer", "",0
			P: "Lcl Translation", "Lcl Translation", "", "A+",-26.7537536621094,1.24494874477386,0
			P: "Lcl Rotation", "Lcl Rotation", "", "A+",15.4562835693359,-49.2965698242188,-15.8974609375
		}
		Shading: Y
		Culling: "CullingOff"
	}
	Model: 1970355201504, "Model::lowerarm_r", "LimbNode" {
		Version: 232
		Properties70:  {
			P: "RotationActive", "bool", "", "",1
			P: "InheritType", "enum", "", "",1
			P: "ScalingMax", "Vector3D", "Vector", "",0,0,0
			P: "DefaultAttributeIndex", "int", "Integer", "",0
			P: "Lcl Translation", "Lcl Translation", "", "A+",-26.7572612762451,-1.1673583984375,-1.52587890625e-05
			P: "Lcl Rotation", "Lcl Rotation", "", "A+",-0.827004194259644,-26.2698459625244,5.35535621643066
		}
		Shading: Y
		Culling: "CullingOff"
	}
	Model: 1970355203504, "Model::upperarm_r", "LimbNode" {
		Version: 232
		Properties70:  {
			P: "RotationActive", "bool", "", "",1
			P: "InheritType", "enum", "", "",1
			P: "ScalingMax", "Vector3D", "Vector", "",0,0,0
			P: "DefaultAttributeIndex", "int", "Integer", "",0
			P: "Lcl Translation", "Lcl Translation", "", "A+",-12.6666946411133,7.62939453125e-06,-1.9073486328125e-06
			P: "Lcl Rotation", "Lcl Rotation", "", "A+",27.6131286621094,-17.7926940917969,-30.0614929199219
		}
		Shading: Y
		Culling: "CullingOff"
	}
	Model: 1970355197504, "Model::clavicle_r", "LimbNode" {
		Version: 232
		Properties70:  {
			P: "RotationActive", "bool", "", "",1
			P: "InheritType", "enum", "", "",1
			P: "ScalingMax", "Vector3D", "Vector", "",0,0,0
			P: "DefaultAttributeIndex", "int", "Integer", "",0
			P: "Lcl Translation", "Lcl Translation", "", "A+",8.1484375,-0.00574684143066406,-8.04246139526367
			P: "Lcl Rotation", "Lcl Rotation", "", "A+",6.85179138183594,-50.9304618835449,71.5807647705078
		}
		Shading: Y
		Culling: "CullingOff"
	}
	Model: 1970355205504, "Model::middle_02_l", "LimbNode" {
		Version: 232
		Properties70:  {
			P: "RotationActive", "bool", "", "",1
			P: "InheritType", "enum", "", "",1
			P: "ScalingMax", "Vector3D", "Vector", "",0,0,0
			P: "DefaultAttributeIndex", "int", "Integer", "",0
			P: "Lcl Translation", "Lcl Translation", "", "A+",7.30090522766113,7.62939453125e-06,-3.814697265625e-06
			P: "Lcl Rotation", "Lcl Rotation", "", "A+",6.85686973156407e-06,-0.314536988735199,19.4848155975342
		}
		Shading: Y
		Culling: "CullingOff"
	}
	Model: 1970355195504, "Model::middle_01_l", "LimbNode" {
		Version: 232
		Properties70:  {
			P: "RotationActive", "bool", "", "",1
			P: "InheritType", "enum", "", "",1
			P: "ScalingMax", "Vector3D", "Vector", "",0,0,0
			P: "DefaultAttributeIndex", "int", "Integer", "",0
			P: "Lcl Translation", "Lcl Translation", "", "A+",8.70859336853027,1.99651336669922,-11.055347442627
			P: "Lcl Rotation", "Lcl Rotation", "", "A+",-22.6557922363281,47.430908203125,-16.6308135986328
		}
		Shading: Y
		Culling: "CullingOff"
	}
	Model: 1970355187504, "Model::thumb_03_l", "LimbNode" {
		Version: 232
		Properties70:  {
			P: "RotationActive", "bool", "", "",1
			P: "InheritType", "enum", "", "",1
			P: "ScalingMax", "Vector3D", "Vector", "",0,0,0
			P: "DefaultAttributeIndex", "int", "Integer", "",0
			P: "Lcl Translation", "Lcl Translation", "", "A+",7.9030876159668,1.52587890625e-05,-7.62939453125e-06
			P: "Lcl Rotation", "Lcl Rotation", "", "A+",2.13443418033421e-05,24.4663333892822,24.0754051208496
		}
		Shading: Y
		Culling: "CullingOff"
	}
	Model: 1970355175504, "Model::thumb_02_l", "LimbNode" {
		Version: 232
		Properties70:  {
			P: "RotationActive", "bool", "", "",1
			P: "InheritType", "enum", "", "",1
			P: "ScalingMax", "Vector3D", "Vector", "",0,0,0
			P: "DefaultAttributeIndex", "int", "Integer", "",0
			P: "Lcl Translation", "Lcl Translation", "", "A+",7.66439437866211,-7.62939453125e-06,7.62939453125e-06
			P: "Lcl Rotation", "Lcl Rotation", "", "A+",-4.49154663085938,9.94134521484375,-13.7494964599609
		}
		Shading: Y
		Culling: "CullingOff"
	}
	Model: 1970355199504, "Model::thumb_01_l", "LimbNode" {
		Version: 232
		Properties70:  {
			P: "RotationActive", "bool", "", "",1
			P: "InheritType", "enum", "", "",1
			P: "ScalingMax", "Vector3D", "Vector", "",0,0,0
			P: "DefaultAttributeIndex", "int", "Integer", "",0
			P: "Lcl Translation", "Lcl Translation", "", "A+",9.76177215576172,2.288818359375e-05,0
			P: "Lcl Rotation", "Lcl Rotation", "", "A+",-2.99013566970825,15.4096937179565,1.79096102714539
		}
		Shading: Y
		Culling: "CullingOff"
	}
	Model: 1970355185504, "Model::hand_l", "LimbNode" {
		Version: 232
		Properties70:  {
			P: "RotationActive", "bool", "", "",1
			P: "InheritType", "enum", "", "",1
			P: "ScalingMax", "Vector3D", "Vector", "",0,0,0
			P: "DefaultAttributeIndex", "int", "Integer", "",0
			P: "Lcl Translation", "Lcl Translation", "", "A+",26.7537384033203,-1.24495184421539,-1.60977506880045e-07
			P: "Lcl Rotation", "Lcl Rotation", "", "A+",15.4562835693359,-49.2965698242188,-15.8974609375
		}
		Shading: Y
		Culling: "CullingOff"
	}
	Model: 1970355177504, "Model::lowerarm_l", "LimbNode" {
		Version: 232
		Properties70:  {
			P: "RotationActive", "bool", "", "",1
			P: "InheritType", "enum", "", "",1
			P: "ScalingMax", "Vector3D", "Vector", "",0,0,0
			P: "DefaultAttributeIndex", "int", "Integer", "",0
			P: "Lcl Translation", "Lcl Translation", "", "A+",26.7572937011719,1.16734313964844,1.43051147460938e-05
			P: "Lcl Rotation", "Lcl Rotation", "", "A+",-1.83068645000458,-46.6692733764648,6.09971237182617
		}
		Shading: Y
		Culling: "CullingOff"
	}
	Model: 1970355189504, "Model::upperarm_l", "LimbNode" {
		Version: 232
		Properties70:  {
			P: "RotationActive", "bool", "", "",1
			P: "InheritType", "enum", "", "",1
			P: "ScalingMax", "Vector3D", "Vector", "",0,0,0
			P: "DefaultAttributeIndex", "int", "Integer", "",0
			P: "Lcl Translation", "Lcl Translation", "", "A+",12.6667499542236,-7.62939453125e-06,2.76565551757813e-05
			P: "Lcl Rotation", "Lcl Rotation", "", "A+",68.203239440918,-51.3132019042969,-78.9959259033203
		}
		Shading: Y
		Culling: "CullingOff"
	}
	Model: 1970355191504, "Model::clavicle_l", "LimbNode" {
		Version: 232
		Properties70:  {
			P: "RotationActive", "bool", "", "",1
			P: "InheritType", "enum", "", "",1
			P: "ScalingMax", "Vector3D", "Vector", "",0,0,0
			P: "DefaultAttributeIndex", "int", "Integer", "",0
			P: "Lcl Translation", "Lcl Translation", "", "A+",7.11872863769531,1.97983741760254,15.3324871063232
			P: "Lcl Rotation", "Lcl Rotation", "", "A+",15.0384368896484,-31.2139129638672,-110.941947937012
		}
		Shading: Y
		Culling: "CullingOff"
	}
	Model: 1970355230720, "Model::spine_03", "LimbNode" {
		Version: 232
		Properties70:  {
			P: "RotationActive", "bool", "", "",1
			P: "InheritType", "enum", "", "",1
			P: "ScalingMax", "Vector3D", "Vector", "",0,0,0
			P: "DefaultAttributeIndex", "int", "Integer", "",0
			P: "Lcl Translation", "Lcl Translation", "", "A+",15.2340784072876,0,-0
			P: "Lcl Rotation", "Lcl Rotation", "", "A+",90,5.42062759399414,7.71847953728866e-06
		}
		Shading: Y
		Culling: "CullingOff"
	}
	Model: 1970355250720, "Model::spine_02", "LimbNode" {
		Version: 232
		Properties70:  {
			P: "RotationActive", "bool", "", "",1
			P: "InheritType", "enum", "", "",1
			P: "ScalingMax", "Vector3D", "Vector", "",0,0,0
			P: "DefaultAttributeIndex", "int", "Integer", "",0
			P: "Lcl Translation", "Lcl Translation", "", "A+",15.5314674377441,4.76837158203125e-07,-3.814697265625e-06
			P: "Lcl Rotation", "Lcl Rotation", "", "A+",0.0801050215959549,-0.253245025873184,1.25275719165802
		}
		Shading: Y
		Culling: "CullingOff"
	}
	Model: 1970355234720, "Model::spine_01", "LimbNode" {
		Version: 232
		Properties70:  {
			P: "RotationActive", "bool", "", "",1
			P: "InheritType", "enum", "", "",1
			P: "ScalingMax", "Vector3D", "Vector", "",0,0,0
			P: "DefaultAttributeIndex", "int", "Integer", "",0
			P: "Lcl Translation", "Lcl Translation", "", "A+",-2.86102294921875e-06,9.62167358398438,-2.02618217468262
			P: "Lcl Rotation", "Lcl Rotation", "", "A+",-2.51482796669006,-10.6369380950928,90.3945236206055
		}
		Shading: Y
		Culling: "CullingOff"
	}
	Model: 1970355252720, "Model::pelvis", "LimbNode" {
		Version: 232
		Properties70:  {
			P: "RotationActive", "bool", "", "",1
			P: "InheritType", "enum", "", "",1
			P: "ScalingMax", "Vector3D", "Vector", "",0,0,0
			P: "DefaultAttributeIndex", "int", "Integer", "",0
			P: "Lcl Translation", "Lcl Translation", "", "A+",-1.65667462348938,47.1161117553711,-0.532393038272858
			P: "Lcl Rotation", "Lcl Rotation", "", "A+",7.18267822265625,2.21916198730469,-3.09713745117188
		}
		Shading: Y
		Culling: "CullingOff"
	}
	Model: 1970355254720, "Model::root", "LimbNode" {
		Version: 232
		Properties70:  {
			P: "RotationActive", "bool", "", "",1
			P: "InheritType", "enum", "", "",1
			P: "ScalingMax", "Vector3D", "Vector", "",0,0,0
			P: "DefaultAttributeIndex", "int", "Integer", "",0
		}
		Shading: Y
		Culling: "CullingOff"
	}
	Pose: 1970355056384, "Pose::BindPose", "BindPose" {
		Type: "BindPose"
		Version: 100
		NbPoseNodes: 37
		PoseNode:  {
			Node: 1970355044320
			Matrix: *16 {
				a: 5.89805981832114e-17,3.46944695195361e-18,-1,0,-1.11022302462516e-16,1,-1.04083408558608e-17,0,1,-5.55111512312578e-17,5.89805981832114e-17,0,-5.88894987106323,0,0,1
			} 
		}
		PoseNode:  {
			Node: 1970354913472
			Matrix: *16 {
				a: 0.930330892980316,0.366721187778516,8.73348632451226e-07,0,-0.366721187778793,0.9303308929806,1.76294708467001e-07,0,-7.47852208216049e-07,-4.84287861368671e-07,0.999999999999603,0,-9.23282623291016,3.78234481811523,-3.81469727273043e-06,1
			} 
		}
		PoseNode:  {
			Node: 1970354915472
			Matrix: *16 {
				a: -0.17081802604979,-0.945109682123184,0.278547824858618,0,-0.985038505197677,0.170350972725949,-0.0260708528676968,0,-0.0228110774488936,-0.278833704649092,-0.960068445423182,0,-21.5827560424805,0.235731124877933,5.91278076207402e-05,1
			} 
		}
		PoseNode:  {
			Node: 1970354917472
			Matrix: *16 {
				a: 0.51223424832382,0.0469843374459774,-0.857559646251439,0,-0.845073032301288,0.205675067426503,-0.493507180004718,0,0.153191530187658,0.977491810029049,0.145059010078305,0,-18.5321006774902,-3.91006469708799e-05,-2.14576721146997e-06,1
			} 
		}
		PoseNode:  {
			Node: 1970355046320
			Matrix: *16 {
				a: -0.0883967959707704,0.989864069792557,-0.111153631500813,0,0.996003107753208,0.0864035764469394,-0.0226325279880346,0,-0.0127990549671944,-0.112710005371726,-0.99354548908495,0,-14.9537010192871,-6.21219635009766,-3.33786010742188e-06,1
			} 
		}
		PoseNode:  {
			Node: 1970355048320
			Matrix: *16 {
				a: 6.24500451351651e-17,-8.67361737988404e-19,-1,0,1.58484336765241e-14,1,-8.67361737988404e-19,0,1,-1.58761892521397e-14,5.55111512312578e-17,0,5.8889513015747,8.88178419700125e-16,1.77635683940025e-15,1
			} 
		}
		PoseNode:  {
			Node: 1970355050320
			Matrix: *16 {
				a: 0.930330966228382,0.366721001957035,4.41315144449062e-07,0,-0.366721001957014,0.930330966228485,-1.29912181207927e-07,0,-4.58210670004067e-07,-4.09782068867826e-08,0.999999999999894,0,9.23283195495605,-3.78234958648682,-1.90734863636521e-06,1
			} 
		}
		PoseNode:  {
			Node: 1970355052320
			Matrix: *16 {
				a: 0.406546576859954,-0.895041479400283,0.18335929481869,0,-0.913361245841214,-0.40302589871485,0.0578044942930291,0,0.0221611244940059,-0.190973493234117,-0.981345000213034,0,21.8238410949707,-0.207698822021484,-0.0158462524414045,1
			} 
		}
		PoseNode:  {
			Node: 1970355166992
			Matrix: *16 {
				a: 0.377715132510579,0.0139132446631546,-0.925817314752462,0,-0.906298989340682,0.210316166111097,-0.366591396779012,0,0.189613872363215,0.977534414685883,0.0920491581284368,0,18.5320911407471,2.86102295099511e-06,1.14440918039804e-05,1
			} 
		}
		PoseNode:  {
			Node: 1970355168992
			Matrix: *16 {
				a: 0.0419986489305343,-0.306494899991861,0.950945313762569,0,0.999105889052343,0.0175051425181414,-0.0384836646688969,0,-0.00485138629035858,0.951711325068899,0.306956051881475,0,14.9537048339844,-6.21219635009766,-1.90734863192432e-06,1
			} 
		}
		PoseNode:  {
			Node: 1970355156992
			Matrix: *16 {
				a: 1.33158054423099e-07,-1.64798730217797e-17,-0.999999999999991,0,0.691481312883303,0.722394347938282,9.20763063043048e-08,0,0.722394347938275,-0.691481312883309,9.61926258907092e-08,0,49.2088356018066,4.74971103668214,0,1
			} 
		}
		PoseNode:  {
			Node: 1970355158992
			Matrix: *16 {
				a: 1.33158054423099e-07,-1.64798730217797e-17,-0.999999999999991,0,0.691481312883303,0.722394347938282,9.20763063043048e-08,0,0.722394347938275,-0.691481312883309,9.61926258907092e-08,0,44.6623764038086,1.4210854715202e-14,-4.44089209850063e-16,1
			} 
		}
		PoseNode:  {
			Node: 1970355162992
			Matrix: *16 {
				a: 0.897100425718788,-0.441826692465689,-1.23165366794353e-16,0,0.441826692465689,0.897100425718788,-1.28369537222284e-16,0,1.67400815431762e-16,5.8113236445223e-17,1,0,6.99295997619629,-1.4210854715202e-14,8.88178419700125e-16,1
			} 
		}
		PoseNode:  {
			Node: 1970355154992
			Matrix: *16 {
				a: 0.830502895438897,0.557014301663102,-9.17080992469659e-05,0,0.557014036808687,-0.830502315202786,0.00112571795028323,0,0.000550877209199172,-0.000985994715727368,-0.999999362174157,0,19.0082015991211,-7.62939453302636e-06,-1.47819519042969e-05,1
			} 
		}
		PoseNode:  {
			Node: 1970355164992
			Matrix: *16 {
				a: 0.529434517721554,-0.837715615620685,0.133909069111097,0,0.84296223610924,0.537239299629461,0.0280820837431214,0,-0.0954660145740594,0.0980126638700412,0.990595658067631,0,-6.90564346313476,-2.28444671630861,-0.631042003631592,1
			} 
		}
		PoseNode:  {
			Node: 1970355160992
			Matrix: *16 {
				a: 0.574536622526619,-0.501563948170634,-0.646793069900405,0,0.110788075484002,0.830621639645119,-0.545704768243603,0,0.810946158327577,0.241870414992696,0.532789855989212,0,-8.70853710174561,-1.99648284912109,11.055269241333,1
			} 
		}
		PoseNode:  {
			Node: 1970355181504
			Matrix: *16 {
				a: 0.749667166227502,0.33620990240553,-0.570054419687182,0,-0.124721874161015,0.917687254084987,0.377219508768728,0,0.649956609310337,-0.211690824587228,0.729892732392499,0,-7.1622428894043,-1.28496551513673,-3.0839157104492,1
			} 
		}
		PoseNode:  {
			Node: 1970355179504
			Matrix: *16 {
				a: 0.956759340590811,-0.234108609319189,-0.172640444956773,0,0.223815025977719,0.971574417474186,-0.0771361488297792,0,0.185791276272138,0.0351612052172895,0.981959923473885,0,-7.04241466522217,-1.73755645751953,-2.47552871704101,1
			} 
		}
		PoseNode:  {
			Node: 1970355193504
			Matrix: *16 {
				a: 0.794761022932727,-0.136434397797831,-0.591388680585339,0,0.227511500483799,0.970325619440065,0.0818945016827425,0,0.562666360798774,-0.199634284019047,0.802217376444606,0,-9.76169586181641,-3.0517578125e-05,-7.24792480504277e-05,1
			} 
		}
		PoseNode:  {
			Node: 1970355183504
			Matrix: *16 {
				a: 0.627201539868998,-0.178633009071126,0.75809529510224,0,0.069702572110592,0.982311406115116,0.173798310858624,0,-0.775731770541291,-0.0561653762235953,0.628558406742394,0,-26.7537536621094,1.24494874477388,0,1
			} 
		}
		PoseNode:  {
			Node: 1970355201504
			Matrix: *16 {
				a: 0.892805299209156,0.0836931271614172,0.442599320119216,0,-0.0869624914086647,0.996127507036714,-0.0129427513620665,0,-0.441968576702063,-0.0269341825709486,0.896626079822123,0,-26.7572612762451,-1.16735839843749,-1.52587890589473e-05,1
			} 
		}
		PoseNode:  {
			Node: 1970355203504
			Matrix: *16 {
				a: 0.824090558620238,-0.476968915390129,0.305573894409435,0,0.32129014744044,0.837855123206827,0.441329167032695,0,-0.466526947078821,-0.265517318206621,0.843713909676544,0,-12.6666946411133,7.62939451703915e-06,-1.9073486328125e-06,1
			} 
		}
		PoseNode:  {
			Node: 1970355197504
			Matrix: *16 {
				a: 0.199142710695881,0.597974738563913,0.776381602574479,0,-0.971259960798752,0.225832575884609,0.075191330740509,0,-0.130369740836987,-0.769042170305856,0.625761832461325,0,8.1484375,-0.00574684143066762,-8.04246139526367,1
			} 
		}
		PoseNode:  {
			Node: 1970355205504
			Matrix: *16 {
				a: 0.942715717323461,0.333552004552948,0.00548967849901688,0,-0.333557031342572,0.942729922534506,1.19673149637407e-07,0,-0.00517524426889843,-0.00183123368091656,0.999984931601453,0,7.30090522766112,7.62939453125e-06,-3.81469726207229e-06,1
			} 
		}
		PoseNode:  {
			Node: 1970355195504
			Matrix: *16 {
				a: 0.648180859700639,-0.193610738139696,-0.736462120678819,0,-0.00769520348763414,0.965422763984452,-0.260575652400422,0,0.761447540518075,0.174567376269519,0.624278683106633,0,8.70859336853028,1.99651336669922,-11.055347442627,1
			} 
		}
		PoseNode:  {
			Node: 1970355187504
			Matrix: *16 {
				a: 0.831025500441003,0.371307645647587,-0.414158484037726,0,-0.407938437230165,0.913009436659937,3.39077715502651e-07,0,0.378130730101366,0.168950882961736,0.91020478470477,0,7.9030876159668,1.52587890625e-05,-7.62939453480271e-06,1
			} 
		}
		PoseNode:  {
			Node: 1970355175504
			Matrix: *16 {
				a: 0.956759429909523,-0.234108631174506,-0.17263992032205,0,0.223815065885588,0.971574407709163,-0.0771361560308605,0,0.185790768236301,0.0351613295281358,0.981960015145209,0,7.66439437866211,-7.62939453125e-06,7.62939452947364e-06,1
			} 
		}
		PoseNode:  {
			Node: 1970355199504
			Matrix: *16 {
				a: 0.963579526230216,0.0301295430183528,-0.265719226379008,0,-0.0450647402679191,0.99771750031508,-0.0502887537090854,0,0.263597545160304,0.060431781394671,0.962737936295713,0,9.76177215576173,2.28881835795391e-05,5.32907051820075e-15,1
			} 
		}
		PoseNode:  {
			Node: 1970355185504
			Matrix: *16 {
				a: 0.627201539868998,-0.178633009071127,0.75809529510224,0,0.0697025721105921,0.982311406115117,0.173798310858624,0,-0.77573177054129,-0.0561653762235953,0.628558406742394,0,26.7537384033203,-1.24495184421538,-1.60977506880045e-07,1
			} 
		}
		PoseNode:  {
			Node: 1970355177504
			Matrix: *16 {
				a: 0.682323559742031,0.0729158884536771,0.72740486184241,0,-0.0830986788111662,0.996300180736092,-0.0219216661107379,0,-0.726312033082754,-0.045488713723768,0.685858299886321,0,26.7572937011719,1.16734313964842,1.43051147443174e-05,1
			} 
		}
		PoseNode:  {
			Node: 1970355189504
			Matrix: *16 {
				a: 0.119311236949031,-0.613570168857381,0.780574452967824,0,0.2261452150104,0.782319051530308,0.580375088490727,0,-0.96675910674045,0.107277907795802,0.232095411487093,0,12.6667499542236,-7.62939454546085e-06,2.76565551758923e-05,1
			} 
		}
		PoseNode:  {
			Node: 1970355191504
			Matrix: *16 {
